2.000000000000000000e+01
0.000000000000000000e+00
2.498804338813006787e+00
8.248038846777676625e-01
6.453468932758336329e+00
7.028306825484224696e+00
9.330197259177005265e+00
1.249140576123994251e+01
1.284634660344863732e+01
1.632726602559662865e+01
1.574965537656538750e+01
1.977399053703083709e+01
1.793723050996830892e+01
1.855320818850407605e+01
2.000000000000000000e+01
1.809685812661825111e+01
2.000000000000000000e+01
1.712363661029077377e+01
1.817054926326776254e+01
2.000000000000000000e+01
1.768922366177047678e+01
2.000000000000000000e+01
1.738096842927047803e+01
1.756801982755538916e+01
2.000000000000000000e+01
1.774684580015156143e+01
2.000000000000000000e+01
1.755245670777588884e+01
1.706929989034729900e+01
1.945203713671947909e+01
1.751050699489128704e+01
1.906062021610165758e+01
1.641055488351839386e+01
1.831748999123040278e+01
1.584756433034887202e+01
1.553056275919855089e+01
1.663519101585609050e+01
1.495608391048848773e+01
1.554325873052755114e+01
1.387064414619143271e+01
1.328535342074876091e+01
1.356588655985823166e+01
1.248895694665402267e+01
1.231165178115640302e+01
1.138656651425307587e+01
1.105031344389579573e+01
1.037841561435245730e+01
1.009383138206364450e+01
9.281663325682341537e+00
9.130442546625621603e+00
8.202039270978376706e+00
8.393055857202684322e+00
8.153746747470522749e+00
6.938530162659320766e+00
7.419545045673032746e+00
6.201876093837070947e+00
6.888550650609024828e+00
6.953724746224969167e+00
5.554798661580146124e+00
6.404835077160065282e+00
5.212229522709730389e+00
6.219458282874088972e+00
6.371460026202940163e+00
5.155631921698216047e+00
6.030743564141975099e+00
5.151237153222943732e+00
6.415952677572674290e+00
5.331959697044484692e+00
6.591370730365260222e+00
6.796699509404353634e+00
5.974015969549574478e+00
6.836423233554957513e+00
6.384944652244232799e+00
7.357648061747708468e+00
7.603862411043758485e+00
7.258212466179580602e+00
7.940311316939536290e+00
7.824437293261452986e+00
8.466050062676858445e+00
8.711703916168668016e+00
8.761877703552450214e+00
9.093501471135830627e+00
9.340329180580104307e+00
9.624940309696063068e+00
9.785931882689810735e+00
1.016554499481141427e+01
1.019394909972728769e+01
1.066147428086006599e+01
1.060603532032583018e+01
1.067625344778527996e+01
1.125565675668017995e+01
1.105528381927396531e+01
1.160597240024843302e+01
1.125222721693314476e+01
1.188042203198026314e+01
1.146006448633687924e+01
1.140807547614947559e+01
1.206820508085669630e+01
1.165546779279215173e+01
1.216678028814925838e+01
1.167779080396151414e+01
1.156856691731796793e+01
1.210221199914620094e+01
1.160646846284718592e+01
1.202801814550522330e+01
1.143223517888962348e+01
1.139429095550327276e+01
1.173308135845121924e+01
1.131283015988620910e+01
1.153679299848764650e+01
1.106922178881259811e+01
1.095614864301599845e+01
1.112096760147195340e+01
1.080588488099693301e+01
1.085420247319764542e+01
1.055724037215408018e+01
1.057378063066853180e+01
1.031037919970613537e+01
1.021976284813216829e+01
1.013585078950652552e+01
1.002720298085115935e+01
9.869025863244459629e+00
9.802992593849999992e+00
9.741578655741866655e+00
9.514802222652990693e+00
9.547455794034899412e+00
9.302864753894553473e+00
9.362575504453886310e+00
9.363092506689616457e+00
9.065441891653163609e+00
9.222898988992421110e+00
8.936081737346171394e+00
9.143547681005070871e+00
9.141804989299661344e+00
8.847357120753416737e+00
9.060207642632425618e+00
8.805802794091020402e+00
9.043643746353444257e+00
8.793853510192752410e+00
9.077788366444886847e+00
9.101134680377038322e+00
8.877313423068118325e+00
9.068558037388394055e+00
9.175233764866531416e+00
9.003633863555602801e+00
9.189060137109811066e+00
9.092896741366391922e+00
9.315861217405966954e+00
9.363127100408748404e+00
9.287096354747520266e+00
9.440130789014997248e+00
9.412800500582081398e+00
9.527370546753301639e+00
9.537914941881624031e+00
9.655394317542777216e+00
9.704104716963414035e+00
9.738829332470288591e+00
9.791915343694434171e+00
9.862067741215318151e+00
9.898338500379196603e+00
9.980257681430916961e+00
9.983943836628716539e+00
1.001254487619476308e+01
1.012734727406074242e+01
1.008381242366098718e+01
1.021169859110674594e+01
1.016014609841551142e+01
1.015808914831328558e+01
1.029810539636314637e+01
1.022297834729211985e+01
1.034600972023585541e+01
1.024177804648626910e+01
1.037673466900859864e+01
1.025371574947641662e+01
1.023230980283060987e+01
1.036936198763281425e+01
1.026269123862994270e+01
1.036064588103149120e+01
1.022458879886716687e+01
1.033435287145469239e+01
1.021078290145010214e+01
1.019637786117605671e+01
1.026459689145891829e+01
1.016607771129543103e+01
1.021583771889786796e+01
1.011587020075100973e+01
1.010148290649121172e+01
1.012271820039981485e+01
1.005776452478004401e+01
1.006269825924176153e+01
9.997939294135219868e+00
9.978390676082357302e+00
9.965111910788639449e+00
9.931728803397819050e+00
9.910804848094901587e+00
9.875842483354304591e+00
9.864627566493284760e+00
9.820883615594079075e+00
9.819069354207082156e+00
9.769897216570667453e+00
9.781106885910046955e+00
9.773106130009059811e+00
9.711085716629966669e+00
9.733487051527784928e+00
9.676152437382796734e+00
9.719998916857534255e+00
9.720797510976897371e+00
9.650474257301747016e+00
9.694907624050248529e+00
9.636840458874376125e+00
9.695917034606166496e+00
9.631990829130161913e+00
9.687753432439681234e+00
9.704998996231404718e+00
9.646074262971001900e+00
9.689544416663101956e+00
9.655373269073679765e+00
9.716462807797789480e+00
9.727575876786319853e+00
9.690925510591226200e+00
9.730870955325949367e+00
9.713236649281020263e+00
9.758651565816899520e+00
9.739795185386874721e+00
9.786818781222772046e+00
9.789025980665277515e+00
9.787087785376982652e+00
9.809968110705698408e+00
9.825114049334294108e+00
9.832132860530929719e+00
9.846689247475737261e+00
9.860686861506579248e+00
9.870997277815845905e+00
9.877428067241911691e+00
9.899571824379409080e+00
9.900116103882460550e+00
9.923367182092823313e+00
9.916912283731736721e+00
9.944279308508054527e+00
9.932638853342337981e+00
9.933156603987933764e+00
9.965672460495245133e+00
9.950191819512340885e+00
9.978038078943658462e+00
9.955841483149090010e+00
9.955312439950555259e+00
9.985275886875081497e+00
9.962861608975382310e+00
9.988363673258215059e+00
9.961548054283417386e+00
9.956484520073773936e+00
9.982164321047333644e+00
9.960727612534387987e+00
9.977685805770027727e+00
9.949735455893847558e+00
9.969659134510337140e+00
9.944035966178013553e+00
9.936516825091880278e+00
9.950848298744300990e+00
9.932351100034063407e+00
9.925724220933300757e+00
9.930420192474144869e+00
9.916134883235244502e+00
9.916928570228730422e+00
9.902102330715075951e+00
9.898345901862496632e+00
9.894959540789146857e+00
9.887210902850684491e+00
9.881214487727826068e+00
9.875813767264558507e+00
9.871515460492389593e+00
9.862126195026535314e+00
9.861563943890208961e+00
9.850520385743925189e+00
9.852841593941557008e+00
9.850467838939140464e+00
9.836911881122555101e+00
9.841983935959854435e+00
9.828889071722025861e+00
9.838408916820428729e+00
9.839169860908699050e+00
9.822882163024962310e+00
9.834499010186135592e+00
9.820079809047934205e+00
9.832440310119281435e+00
9.832364243472959231e+00
9.820391650896217683e+00
9.831105059504722021e+00
9.821156570492581395e+00
9.833843074094778203e+00
9.823447823392751133e+00
9.837537783057401342e+00
9.839732567866294133e+00
9.831219898716167194e+00
9.840646896775187003e+00
9.836162976361347177e+00
9.846674105210075467e+00
9.842072868852463685e+00
9.851771502400296754e+00
9.855068388203122254e+00
9.852846324217710006e+00
9.858797398802515488e+00
9.859591378639649406e+00
9.864807816460745116e+00
9.866325226073763943e+00
9.869644840133910080e+00
9.872190139539529952e+00
9.875970597895374681e+00
9.876611675958203662e+00
9.881759036798861473e+00
9.881646912889483048e+00
9.881707876140135127e+00
9.888705384440742208e+00
9.885949668275193503e+00
9.892665447851332061e+00
9.890201987022546604e+00
9.896225340413273841e+00
9.891555031853016544e+00
9.892014572482372259e+00
9.898913825319832327e+00
9.893553615683034153e+00
9.900134913806617476e+00
9.895144084421408692e+00
9.892473366601793217e+00
9.899573530825843903e+00
9.894907140083484265e+00
9.892169877993511662e+00
9.897514317043784260e+00
9.891513722154389399e+00
9.895660464629090214e+00
9.890404659591334635e+00
9.893485348433973314e+00
9.888487223528786174e+00
9.886666166053400318e+00
9.888940912852108411e+00
9.885731949655470530e+00
9.886111289347816466e+00
9.883772511551475404e+00
9.882089402069684780e+00
9.881696984594638522e+00
9.879342782637573706e+00
9.878699216169810171e+00
9.876157730931629075e+00
2.000000000000000000e+01
1.247677953671824103e+00
5.320427560399881850e-01
3.253727351287419634e+00
5.588217248139750737e+00
7.804254421249438245e+00
7.547809279495487189e+00
9.585086762735933519e+00
1.034471154539880544e+01
1.217163901790814684e+01
1.310701443525310417e+01
1.450963206634554759e+01
1.502548853646777793e+01
1.702880087254898811e+01
1.724180383432448949e+01
1.764950929585749151e+01
2.000000000000000000e+01
1.960300823314134178e+01
1.976036531265489060e+01
2.000000000000000000e+01
1.861577315246080389e+01
2.000000000000000000e+01
1.870365091362370435e+01
2.000000000000000000e+01
1.881168593774366471e+01
1.884037876211500162e+01
2.000000000000000000e+01
1.885084071429504249e+01
2.000000000000000000e+01
1.874342050636056811e+01
1.871998334682992748e+01
2.000000000000000000e+01
1.897660605560942315e+01
2.000000000000000000e+01
1.865809072301929561e+01
2.000000000000000000e+01
1.869021723265329626e+01
1.831104071803537536e+01
1.960800083760745594e+01
1.860008458118881691e+01
1.934997771792904331e+01
1.816780872259056423e+01
1.896050201565610749e+01
1.768061947485814756e+01
1.750037729054553282e+01
1.804231410970350424e+01
1.729805462025595730e+01
1.747822340218995052e+01
1.666758900845161762e+01
1.647850453288611661e+01
1.648720344113413105e+01
1.601516370818426083e+01
1.572965114552493127e+01
1.553061207489966478e+01
1.524566450367397685e+01
1.492502617152614164e+01
1.473331548503396426e+01
1.434448960221824443e+01
1.427880755785161604e+01
1.418949726890148000e+01
1.361422828280708686e+01
1.374407532869549797e+01
1.369759525486949769e+01
1.305976241444776953e+01
1.337241364699719348e+01
1.274932525337182021e+01
1.317049772769638949e+01
1.251277876988698878e+01
1.305837464101055900e+01
1.305197660712252272e+01
1.240493662003569320e+01
1.290151111146005825e+01
1.300679584175570369e+01
1.245957077743718955e+01
1.293064482745705313e+01
1.251997325213270251e+01
1.308011774130459770e+01
1.323865133134830074e+01
1.281552504731008923e+01
1.329385707153670992e+01
1.302332097072993733e+01
1.345885936634843105e+01
1.365449108952174662e+01
1.344703708877799464e+01
1.378481043742687717e+01
1.372370842947747960e+01
1.406615569198498683e+01
1.418390974314443831e+01
1.419443341932098512e+01
1.438717813214424623e+01
1.448840754324716684e+01
1.464710744354647609e+01
1.477846652073099598e+01
1.486953338730261009e+01
1.494149816055423408e+01
1.516636657194948512e+01
1.515642932873147686e+01
1.519660476684464356e+01
1.547852546417989394e+01
1.537098074610015175e+01
1.565843450303183637e+01
1.550340615117599619e+01
1.580673745502162397e+01
1.558957202789208907e+01
1.557981950187130238e+01
1.591065522292440093e+01
1.567342771892522002e+01
1.567605836497947003e+01
1.593462201608203976e+01
1.568486497820529557e+01
1.592879753365627593e+01
1.566806386579935761e+01
1.589554503644224859e+01
1.562482921200074060e+01
1.558504045371451063e+01
1.576333685327885092e+01
1.554978192861129926e+01
1.567148976778974045e+01
1.543837433582997321e+01
1.536467466767209622e+01
1.546801309924011214e+01
1.531436633517278345e+01
1.533980880208370046e+01
1.517253150961805197e+01
1.512083831520304678e+01
1.511765546882755373e+01
1.502765348786130772e+01
1.497982522485111190e+01
1.490354381721826371e+01
1.485705421591970321e+01
1.477916786187919485e+01
1.475493502160043668e+01
1.465604740397871453e+01
1.466002581265088800e+01
1.463871782569729163e+01
1.450612719389347838e+01
1.454859109855227217e+01
1.452670815374713875e+01
1.439333688716948778e+01
1.446826521762127982e+01
1.433124172084654901e+01
1.442710507918716090e+01
1.444246733598474997e+01
1.429101365727433937e+01
1.440444943943812106e+01
1.427481537258242916e+01
1.440670016573321988e+01
1.442077764565618914e+01
1.430073540361507511e+01
1.441020315432924548e+01
1.432158014705067650e+01
1.444030235008650465e+01
1.447675181473301720e+01
1.439294643072008739e+01
1.448850690591959101e+01
1.451449422706572001e+01
1.447743704708833157e+01
1.455421542803883739e+01
1.453449459088780671e+01
1.461684518686296563e+01
1.464264915310660164e+01
1.463628918495633258e+01
1.468679703411911852e+01
1.470061316730851608e+01
1.474501878990436232e+01
1.476525058792465295e+01
1.479601105906470160e+01
1.480894112319737488e+01
1.485426413201217599e+01
1.485746584064485809e+01
1.490813397766967974e+01
1.489830879081379145e+01
1.490774535711114801e+01
1.497125218848088579e+01
1.494469349215501097e+01
1.500766743177060292e+01
1.496765669088993711e+01
1.503624608762109993e+01
1.498116976558191205e+01
1.498183047664501188e+01
1.505242329379521671e+01
1.500622155476006192e+01
1.506109342469154022e+01
1.500386068851914523e+01
1.506195351024106976e+01
1.499809739875790626e+01
1.498544908292249112e+01
1.503981542325643161e+01
1.498625195962050505e+01
1.502364765214367459e+01
1.496388057353012613e+01
1.500138043621129214e+01
1.494660578065751899e+01
1.493255233672226723e+01
1.495540217155109985e+01
1.491766539270660630e+01
1.492583357237193376e+01
1.489043714968837939e+01
1.487646658345114403e+01
1.487608307713221301e+01
1.485841645058765970e+01
1.484567315029036649e+01
1.482912865577734962e+01
1.481529559405577956e+01
1.480465182180253869e+01
1.479855287173886680e+01
1.477447643916509712e+01
1.477785219857106469e+01
1.475040172681495321e+01
1.475906323998335701e+01
1.472918791196015853e+01
1.474462395129074999e+01
1.474361252069502370e+01
1.470872322606088822e+01
1.472807411225340957e+01
1.469733047890982114e+01
1.472153080881326304e+01
1.472060042471844632e+01
1.469114912470068646e+01
1.471394959823938819e+01
1.468863348124058277e+01
1.471737647433444707e+01
1.472288204335736239e+01
1.469651092277480942e+01
1.472216870815094936e+01
1.470279756342909394e+01
1.470401169001600827e+01
1.470522493715295198e+01
1.470643823941124140e+01
1.470765159675095113e+01
1.470886500917458406e+01
1.471007847668463953e+01
1.471129199928362041e+01
1.471250557697402606e+01
1.471371920975835756e+01
1.471493289763911605e+01
1.471614664061880262e+01
1.471736043869991839e+01
1.471857429188496624e+01
1.471978820017644729e+01
1.472100216357686264e+01
1.472221618208871341e+01
1.472343025571450248e+01
1.472464438445673274e+01
1.472585856831790529e+01
1.472707280730052304e+01
1.472828710140708885e+01
1.472950145064010385e+01
1.473071585500207092e+01
1.473193031449549295e+01
1.473314482912287282e+01
1.473435939888671520e+01
1.473557402378952119e+01
1.473678870383379369e+01
1.473800343902203736e+01
1.473921822935675507e+01
1.474043307484044973e+01
1.474164797547562600e+01
1.474286293126478675e+01
1.474407794221043666e+01
1.474529300831508039e+01
1.474650812958122081e+01
1.474772330601136261e+01
1.474893853760800866e+01
1.475015382437366540e+01
1.475136916631083572e+01
1.475258456342202606e+01
1.475380001570973931e+01
1.475501552317648191e+01
1.475623108582475851e+01
1.475744670365707378e+01
1.475866237667593417e+01
1.475987810488384433e+01
1.476109388828330893e+01
1.476230972687683440e+01
1.476352562066692542e+01
1.476474156965608842e+01
1.476595757384682983e+01
