4.701782949268817902e-03
4.454258829355239868e-03
4.454258829355239868e-03
8.390316367149353027e-01
8.390316367149353027e-01
1.182119965553283691e+00
1.437165141105651855e+00
1.437165141105651855e+00
1.794403433799743652e+00
1.794403433799743652e+00
2.320322036743164062e+00
2.320322036743164062e+00
3.071800947189331055e+00
3.896378040313720703e+00
3.896378040313720703e+00
4.582355976104736328e+00
4.582355976104736328e+00
5.428675174713134766e+00
6.125095844268798828e+00
6.125095844268798828e+00
6.781161308288574219e+00
6.781161308288574219e+00
7.466070175170898438e+00
8.103465080261230469e+00
8.103465080261230469e+00
8.649082183837890625e+00
8.649082183837890625e+00
9.206297874450683594e+00
9.788568496704101562e+00
9.788568496704101562e+00
1.018760108947753906e+01
1.018760108947753906e+01
1.070839309692382812e+01
1.070839309692382812e+01
1.116710758209228516e+01
1.153929042816162109e+01
1.153929042816162109e+01
1.179828834533691406e+01
1.179828834533691406e+01
1.204303264617919922e+01
1.225387573242187500e+01
1.225387573242187500e+01
1.235668849945068359e+01
1.235668849945068359e+01
1.242398452758789062e+01
1.242398452758789062e+01
1.243726825714111328e+01
1.238304901123046875e+01
1.238304901123046875e+01
1.229423236846923828e+01
1.229423236846923828e+01
1.214140033721923828e+01
1.196000099182128906e+01
1.196000099182128906e+01
1.176587200164794922e+01
1.176587200164794922e+01
1.154031085968017578e+01
1.126986789703369141e+01
1.126986789703369141e+01
1.103643035888671875e+01
1.103643035888671875e+01
1.078322124481201172e+01
1.051113986968994141e+01
1.051113986968994141e+01
1.031061840057373047e+01
1.031061840057373047e+01
1.004219913482666016e+01
1.004219913482666016e+01
9.788265228271484375e+00
9.554687500000000000e+00
9.554687500000000000e+00
9.404533386230468750e+00
9.404533386230468750e+00
9.239828109741210938e+00
9.096887588500976562e+00
9.096887588500976562e+00
9.005692481994628906e+00
9.005692481994628906e+00
8.927157402038574219e+00
8.868911743164062500e+00
8.868911743164062500e+00
8.859220504760742188e+00
8.859220504760742188e+00
8.859419822692871094e+00
8.884494781494140625e+00
8.884494781494140625e+00
8.934678077697753906e+00
8.934678077697753906e+00
8.999124526977539062e+00
9.086778640747070312e+00
9.086778640747070312e+00
9.172611236572265625e+00
9.172611236572265625e+00
9.284830093383789062e+00
9.284830093383789062e+00
9.404762268066406250e+00
9.540975570678710938e+00
9.540975570678710938e+00
9.646577835083007812e+00
9.646577835083007812e+00
9.762152671813964844e+00
9.888460159301757812e+00
9.888460159301757812e+00
9.993290901184082031e+00
9.993290901184082031e+00
1.011288833618164062e+01
1.021061992645263672e+01
1.021061992645263672e+01
1.028424263000488281e+01
1.028424263000488281e+01
1.036364746093750000e+01
1.043170833587646484e+01
1.043170833587646484e+01
1.047323894500732422e+01
1.047323894500732422e+01
1.050906753540039062e+01
1.050906753540039062e+01
1.053639030456542969e+01
1.054964828491210938e+01
1.054964828491210938e+01
1.054398822784423828e+01
1.054398822784423828e+01
1.053008651733398438e+01
1.050483322143554688e+01
1.050483322143554688e+01
1.047314929962158203e+01
1.047314929962158203e+01
1.043763637542724609e+01
1.038732528686523438e+01
1.038732528686523438e+01
1.033655261993408203e+01
1.033655261993408203e+01
1.027831554412841797e+01
1.021823978424072266e+01
1.021823978424072266e+01
1.016484069824218750e+01
1.016484069824218750e+01
1.010911273956298828e+01
1.010911273956298828e+01
1.004695224761962891e+01
9.990286827087402344e+00
9.990286827087402344e+00
9.952606201171875000e+00
9.903576850891113281e+00
9.903576850891113281e+00
9.871396064758300781e+00
9.871396064758300781e+00
9.833316802978515625e+00
9.801816940307617188e+00
9.801816940307617188e+00
9.781204223632812500e+00
9.781204223632812500e+00
9.769315719604492188e+00
9.769315719604492188e+00
9.757440567016601562e+00
9.750412940979003906e+00
9.750412940979003906e+00
9.752363204956054688e+00
9.752363204956054688e+00
9.757579803466796875e+00
9.757579803466796875e+00
9.769053459167480469e+00
9.784150123596191406e+00
9.784150123596191406e+00
9.803740501403808594e+00
9.803740501403808594e+00
9.823955535888671875e+00
9.849433898925781250e+00
9.849433898925781250e+00
9.872079849243164062e+00
9.872079849243164062e+00
9.899415016174316406e+00
9.899415016174316406e+00
9.929141044616699219e+00
9.960840225219726562e+00
9.960840225219726562e+00
9.984225273132324219e+00
9.984225273132324219e+00
1.001231861114501953e+01
1.001231861114501953e+01
1.003650951385498047e+01
1.005701160430908203e+01
1.005701160430908203e+01
1.007395744323730469e+01
1.007395744323730469e+01
1.009034538269042969e+01
1.010190868377685547e+01
1.010190868377685547e+01
1.010989570617675781e+01
1.010989570617675781e+01
1.011744403839111328e+01
1.012161159515380859e+01
1.012161159515380859e+01
1.012229824066162109e+01
1.012100791931152344e+01
1.012100791931152344e+01
1.011729049682617188e+01
1.011729049682617188e+01
1.011187839508056641e+01
1.011187839508056641e+01
1.010413169860839844e+01
1.009441661834716797e+01
1.009441661834716797e+01
1.008530426025390625e+01
1.008530426025390625e+01
1.007235813140869141e+01
1.005831146240234375e+01
1.005831146240234375e+01
1.004659748077392578e+01
1.004659748077392578e+01
1.003254032135009766e+01
1.003254032135009766e+01
1.001984882354736328e+01
1.000534152984619141e+01
1.000534152984619141e+01
9.996468544006347656e+00
9.996468544006347656e+00
9.984515190124511719e+00
9.973591804504394531e+00
9.973591804504394531e+00
9.967011451721191406e+00
9.967011451721191406e+00
9.959666252136230469e+00
9.959666252136230469e+00
9.952366828918457031e+00
9.948555946350097656e+00
9.948555946350097656e+00
9.946640968322753906e+00
9.944836616516113281e+00
9.944836616516113281e+00
9.944772720336914062e+00
9.944772720336914062e+00
9.945561408996582031e+00
9.947717666625976562e+00
9.947717666625976562e+00
9.950312614440917969e+00
9.950312614440917969e+00
9.954177856445312500e+00
9.954177856445312500e+00
9.958887100219726562e+00
9.964696884155273438e+00
9.964696884155273438e+00
9.969648361206054688e+00
9.969648361206054688e+00
9.975695610046386719e+00
9.981945037841796875e+00
9.981945037841796875e+00
9.987421035766601562e+00
9.987421035766601562e+00
9.993503570556640625e+00
9.999797821044921875e+00
9.999797821044921875e+00
1.000418567657470703e+01
1.000418567657470703e+01
1.000965690612792969e+01
1.000965690612792969e+01
1.001438903808593750e+01
1.001904964447021484e+01
1.001904964447021484e+01
1.002188682556152344e+01
1.002447795867919922e+01
1.002447795867919922e+01
1.002620124816894531e+01
1.002620124816894531e+01
1.002794647216796875e+01
1.002878665924072266e+01
1.002878665924072266e+01
1.002898693084716797e+01
1.002898693084716797e+01
1.002870750427246094e+01
1.002799797058105469e+01
1.002799797058105469e+01
1.002680015563964844e+01
1.002680015563964844e+01
1.002508544921875000e+01
1.002302360534667969e+01
1.002302360534667969e+01
1.002094745635986328e+01
1.002094745635986328e+01
1.001808547973632812e+01
1.001482868194580078e+01
1.001482868194580078e+01
1.001185321807861328e+01
1.001185321807861328e+01
1.000887775421142578e+01
1.000615787506103516e+01
1.000615787506103516e+01
1.000379657745361328e+01
1.000379657745361328e+01
1.000115871429443359e+01
1.000115871429443359e+01
9.998372077941894531e+00
9.995874404907226562e+00
9.995874404907226562e+00
9.994284629821777344e+00
9.994284629821777344e+00
9.992557525634765625e+00
9.992557525634765625e+00
9.991079330444335938e+00
9.989772796630859375e+00
9.989772796630859375e+00
9.989183425903320312e+00
9.989183425903320312e+00
9.988770484924316406e+00
9.988787651062011719e+00
9.988787651062011719e+00
9.988928794860839844e+00
9.988928794860839844e+00
9.989443778991699219e+00
9.989443778991699219e+00
9.990083694458007812e+00
9.991168975830078125e+00
9.991168975830078125e+00
9.992251396179199219e+00
9.992251396179199219e+00
9.993221282958984375e+00
9.993221282958984375e+00
9.994584083557128906e+00
9.995943069458007812e+00
9.995943069458007812e+00
9.997307777404785156e+00
9.997307777404785156e+00
9.998530387878417969e+00
1.000020599365234375e+01
1.000020599365234375e+01
1.000121879577636719e+01
1.000260543823242188e+01
1.000260543823242188e+01
1.000376510620117188e+01
1.000376510620117188e+01
1.000471782684326172e+01
1.000471782684326172e+01
1.000557136535644531e+01
1.000642967224121094e+01
1.000642967224121094e+01
1.000683975219726562e+01
1.000683975219726562e+01
1.000705528259277344e+01
1.000730133056640625e+01
1.000730133056640625e+01
1.000749683380126953e+01
1.000749683380126953e+01
1.000771999359130859e+01
1.000749588012695312e+01
1.000749588012695312e+01
1.040042972564697266e+01
1.040042972564697266e+01
1.016351509094238281e+01
9.772629737854003906e+00
9.772629737854003906e+00
9.626613616943359375e+00
9.626613616943359375e+00
9.529984474182128906e+00
9.539200782775878906e+00
9.539200782775878906e+00
9.709188461303710938e+00
9.709188461303710938e+00
9.931264877319335938e+00
1.028097629547119141e+01
1.028097629547119141e+01
1.059648609161376953e+01
1.103777980804443359e+01
1.103777980804443359e+01
1.151291561126708984e+01
1.151291561126708984e+01
1.194670867919921875e+01
1.194670867919921875e+01
1.233720588684082031e+01
1.277718639373779297e+01
1.277718639373779297e+01
1.311833000183105469e+01
1.311833000183105469e+01
1.346390056610107422e+01
1.382203102111816406e+01
1.382203102111816406e+01
1.408577823638916016e+01
1.408577823638916016e+01
1.440004348754882812e+01
1.440004348754882812e+01
1.469216728210449219e+01
1.501727485656738281e+01
1.501727485656738281e+01
1.521816062927246094e+01
1.521816062927246094e+01
1.544385528564453125e+01
1.544385528564453125e+01
1.567780399322509766e+01
1.586729335784912109e+01
1.586729335784912109e+01
1.597293949127197266e+01
1.597293949127197266e+01
1.608657646179199219e+01
1.616113281250000000e+01
1.616113281250000000e+01
1.619763374328613281e+01
1.622420501708984375e+01
1.622420501708984375e+01
1.622012710571289062e+01
1.622012710571289062e+01
1.619760131835937500e+01
1.619760131835937500e+01
1.615099143981933594e+01
1.607414627075195312e+01
1.607414627075195312e+01
1.599459838867187500e+01
1.589064979553222656e+01
1.589064979553222656e+01
1.578371143341064453e+01
1.578371143341064453e+01
1.566041278839111328e+01
1.566041278839111328e+01
1.551839256286621094e+01
1.538024997711181641e+01
1.538024997711181641e+01
1.526204109191894531e+01
1.513342761993408203e+01
1.513342761993408203e+01
1.503265953063964844e+01
1.503265953063964844e+01
1.491911506652832031e+01
1.480073070526123047e+01
1.480073070526123047e+01
1.471514797210693359e+01
1.471514797210693359e+01
1.464240360260009766e+01
1.456307983398437500e+01
1.456307983398437500e+01
1.451749515533447266e+01
1.451749515533447266e+01
1.447325611114501953e+01
1.444077587127685547e+01
1.444077587127685547e+01
1.443031692504882812e+01
1.443031692504882812e+01
1.442719173431396484e+01
1.442719173431396484e+01
1.443775177001953125e+01
1.446005344390869141e+01
1.446005344390869141e+01
1.448917388916015625e+01
1.453011417388916016e+01
1.453011417388916016e+01
1.457525539398193359e+01
1.457525539398193359e+01
1.462763786315917969e+01
1.462763786315917969e+01
1.468982982635498047e+01
1.475718593597412109e+01
1.475718593597412109e+01
1.481691360473632812e+01
1.487346839904785156e+01
1.487346839904785156e+01
1.492988872528076172e+01
1.492988872528076172e+01
1.498568344116210938e+01
1.498568344116210938e+01
1.504068470001220703e+01
1.509075355529785156e+01
1.509075355529785156e+01
1.512906837463378906e+01
1.512906837463378906e+01
1.516937923431396484e+01
1.520804119110107422e+01
1.520804119110107422e+01
1.522850799560546875e+01
1.522850799560546875e+01
1.525067710876464844e+01
1.526635646820068359e+01
1.526635646820068359e+01
1.527117633819580078e+01
1.527117633819580078e+01
1.527301025390625000e+01
1.527026081085205078e+01
1.527026081085205078e+01
1.526172924041748047e+01
1.526172924041748047e+01
1.524798107147216797e+01
1.522897815704345703e+01
1.522897815704345703e+01
1.520916938781738281e+01
1.518737220764160156e+01
1.518737220764160156e+01
1.516314983367919922e+01
1.516314983367919922e+01
1.513595104217529297e+01
1.510445213317871094e+01
1.510445213317871094e+01
1.507667350769042969e+01
1.507667350769042969e+01
1.504659366607666016e+01
1.501751422882080078e+01
1.501751422882080078e+01
1.499487590789794922e+01
1.499487590789794922e+01
1.497151851654052734e+01
1.494709682464599609e+01
1.494709682464599609e+01
1.493076133728027344e+01
1.491608810424804688e+01
1.491608810424804688e+01
1.490505981445312500e+01
1.490505981445312500e+01
1.489346885681152344e+01
1.488449382781982422e+01
1.488449382781982422e+01
1.488030052185058594e+01
1.488030052185058594e+01
1.487753772735595703e+01
1.487753772735595703e+01
1.487764263153076172e+01
1.488139247894287109e+01
1.488139247894287109e+01
1.488681697845458984e+01
1.488681697845458984e+01
1.489457607269287109e+01
1.490430259704589844e+01
1.490430259704589844e+01
1.491453456878662109e+01
1.491453456878662109e+01
1.492694568634033203e+01
1.492694568634033203e+01
1.494174957275390625e+01
1.495650959014892578e+01
1.495650959014892578e+01
1.496806049346923828e+01
1.496806049346923828e+01
1.498124027252197266e+01
1.498124027252197266e+01
1.499508571624755859e+01
1.500907421112060547e+01
1.500907421112060547e+01
1.501946926116943359e+01
1.501946926116943359e+01
1.503058528900146484e+01
1.503058528900146484e+01
1.504014682769775391e+01
1.504873561859130859e+01
1.504873561859130859e+01
1.505398178100585938e+01
1.505398178100585938e+01
1.505849742889404297e+01
1.506211471557617188e+01
1.506211471557617188e+01
1.506267738342285156e+01
1.506267738342285156e+01
1.506298732757568359e+01
1.506298732757568359e+01
1.506210136413574219e+01
1.505964183807373047e+01
1.505964183807373047e+01
1.505611896514892578e+01
1.505611896514892578e+01
1.505171489715576172e+01
1.505171489715576172e+01
1.504617595672607422e+01
1.503977203369140625e+01
1.503977203369140625e+01
1.503404712677001953e+01
1.503404712677001953e+01
1.502763843536376953e+01
1.502144908905029297e+01
1.502144908905029297e+01
1.501595020294189453e+01
1.501595020294189453e+01
1.500953769683837891e+01
1.500296306610107422e+01
1.500296306610107422e+01
1.499781703948974609e+01
1.499781703948974609e+01
1.499781703948974609e+01
1.499781703948974609e+01
1.499781703948974609e+01
1.499781703948974609e+01
1.499781703948974609e+01
1.499781703948974609e+01
1.499781703948974609e+01
1.499781703948974609e+01
1.499781703948974609e+01
1.499781703948974609e+01
1.499781703948974609e+01
1.499781703948974609e+01
1.499781703948974609e+01
1.499781703948974609e+01
1.499781703948974609e+01
1.499781703948974609e+01
1.499781703948974609e+01
1.499781703948974609e+01
1.499781703948974609e+01
1.499781703948974609e+01
1.499781703948974609e+01
1.499781703948974609e+01
1.499781703948974609e+01
1.499781703948974609e+01
1.499781703948974609e+01
1.499781703948974609e+01
1.499781703948974609e+01
1.499781703948974609e+01
1.499781703948974609e+01
1.499781703948974609e+01
1.499781703948974609e+01
1.499781703948974609e+01
1.499781703948974609e+01
1.499781703948974609e+01
1.499781703948974609e+01
1.499781703948974609e+01
1.499781703948974609e+01
1.499781703948974609e+01
1.499781703948974609e+01
1.499781703948974609e+01
1.499781703948974609e+01
1.499781703948974609e+01
1.499781703948974609e+01
1.499781703948974609e+01
1.499781703948974609e+01
1.499781703948974609e+01
1.499781703948974609e+01
1.499781703948974609e+01
1.499781703948974609e+01
1.499781703948974609e+01
1.499781703948974609e+01
1.499781703948974609e+01
