2.354216575622558594e-02
1.080129384994506836e+00
2.097280740737915039e+00
3.140027284622192383e+00
4.193707704544067383e+00
5.274107933044433594e+00
6.342991828918457031e+00
7.396314859390258789e+00
8.434822320938110352e+00
9.484302282333374023e+00
1.052993226051330566e+01
1.158556270599365234e+01
1.265107583999633789e+01
1.370374155044555664e+01
1.474784088134765625e+01
1.578291106224060059e+01
1.682830619812011719e+01
1.787682819366455078e+01
1.891811728477478027e+01
1.996196293830871582e+01
2.098858046531677246e+01
2.206071114540100098e+01
2.313995099067687988e+01
2.416984081268310547e+01
2.519462442398071289e+01
2.621896219253540039e+01
2.726217007637023926e+01
2.829013848304748535e+01
2.931040406227111816e+01
3.032896423339843750e+01
3.138424921035766602e+01
3.246801304817199707e+01
3.351199102401733398e+01
3.455147075653076172e+01
3.563822793960571289e+01
3.670618867874145508e+01
3.773905491828918457e+01
3.877381873130798340e+01
3.985964131355285645e+01
4.090842604637145996e+01
4.193342471122741699e+01
4.294714045524597168e+01
4.396466135978698730e+01
4.499396395683288574e+01
4.604388093948364258e+01
4.711844706535339355e+01
4.818478584289550781e+01
4.923194408416748047e+01
5.028592205047607422e+01
5.133919763565063477e+01
5.242237401008605957e+01
5.344578528404235840e+01
5.450735759735107422e+01
5.556135177612304688e+01
5.662078809738159180e+01
5.765854191780090332e+01
5.869347643852233887e+01
5.976940441131591797e+01
6.081436872482299805e+01
6.185767054557800293e+01
6.290718412399291992e+01
6.393755555152893066e+01
6.497148227691650391e+01
6.599799227714538574e+01
6.702598357200622559e+01
6.806231975555419922e+01
6.912153840065002441e+01
7.018109416961669922e+01
7.120115828514099121e+01
7.222485399246215820e+01
7.327124476432800293e+01
7.429680895805358887e+01
7.534413194656372070e+01
7.636531591415405273e+01
7.739285874366760254e+01
7.840665125846862793e+01
7.942496013641357422e+01
8.044085121154785156e+01
8.146798181533813477e+01
8.249035835266113281e+01
8.351329016685485840e+01
8.453155136108398438e+01
8.557236099243164062e+01
8.659521317481994629e+01
8.761233735084533691e+01
8.864964723587036133e+01
8.966963696479797363e+01
9.068402695655822754e+01
9.171945905685424805e+01
9.275336170196533203e+01
9.376717114448547363e+01
9.478358030319213867e+01
9.580511474609375000e+01
9.682949233055114746e+01
9.785839414596557617e+01
9.887247538566589355e+01
9.989330649375915527e+01
1.009081389904022217e+02
1.019279205799102783e+02
1.029545855522155762e+02
1.039685900211334229e+02
1.049911434650421143e+02
1.060168867111206055e+02
1.070382013320922852e+02
1.080623760223388672e+02
1.090766174793243408e+02
1.101058442592620850e+02
1.111222345829010010e+02
1.121470050811767578e+02
1.131718792915344238e+02
1.141865317821502686e+02
1.152211065292358398e+02
1.162355966567993164e+02
1.172553427219390869e+02
1.182699608802795410e+02
1.192840991020202637e+02
1.202998650074005127e+02
1.213227083683013916e+02
1.223469300270080566e+02
1.233826539516448975e+02
1.244063742160797119e+02
1.254293801784515381e+02
1.265203950405120850e+02
1.276018750667572021e+02
1.286600189208984375e+02
1.297078754901885986e+02
1.307344386577606201e+02
1.317804808616638184e+02
1.328123369216918945e+02
1.338398423194885254e+02
1.348632876873016357e+02
1.359691731929779053e+02
1.370113933086395264e+02
1.380325143337249756e+02
1.390576786994934082e+02
1.400713028907775879e+02
1.411132078170776367e+02
1.421368091106414795e+02
1.431870172023773193e+02
1.441982624530792236e+02
1.452105667591094971e+02
1.462224919795989990e+02
1.472471530437469482e+02
1.482693018913269043e+02
1.492890512943267822e+02
1.502992236614227295e+02
1.513251318931579590e+02
1.523413186073303223e+02
1.533963155746459961e+02
1.544608993530273438e+02
1.554721107482910156e+02
1.564845273494720459e+02
1.575115165710449219e+02
1.585346601009368896e+02
1.595850167274475098e+02
1.606277911663055420e+02
1.616618876457214355e+02
1.626846885681152344e+02
1.637049930095672607e+02
1.647250168323516846e+02
1.657536451816558838e+02
1.667989580631256104e+02
1.678144011497497559e+02
1.688304038047790527e+02
1.698527765274047852e+02
1.708878540992736816e+02
1.719029166698455811e+02
1.729280977249145508e+02
1.739442605972290039e+02
1.749591379165649414e+02
1.759755001068115234e+02
1.769911053180694580e+02
1.780267670154571533e+02
1.790787730216979980e+02
1.801113317012786865e+02
1.811884045600891113e+02
1.822231004238128662e+02
1.832367372512817383e+02
1.842477810382843018e+02
1.852726166248321533e+02
1.863176190853118896e+02
1.873618748188018799e+02
1.884232473373413086e+02
1.894678263664245605e+02
1.905044555664062500e+02
1.915182464122772217e+02
1.925361657142639160e+02
1.935519881248474121e+02
1.946030530929565430e+02
1.956641356945037842e+02
1.967841691970825195e+02
1.978506312370300293e+02
1.988720793724060059e+02
1.998905107975006104e+02
2.009123487472534180e+02
2.019452304840087891e+02
2.029720857143402100e+02
2.040226025581359863e+02
2.050554573535919189e+02
2.061172404289245605e+02
2.071310498714447021e+02
2.081439621448516846e+02
2.091693189144134521e+02
2.101935796737670898e+02
2.112423441410064697e+02
2.123101682662963867e+02
2.133830330371856689e+02
2.144512035846710205e+02
2.154804248809814453e+02
2.165000984668731689e+02
2.175222406387329102e+02
2.185503113269805908e+02
2.195794701576232910e+02
2.205941879749298096e+02
2.216165442466735840e+02
2.226414790153503418e+02
2.236815090179443359e+02
2.247057070732116699e+02
2.257370109558105469e+02
2.267723903656005859e+02
2.277976243495941162e+02
2.288635547161102295e+02
2.298846673965454102e+02
2.309253888130187988e+02
2.319624571800231934e+02
2.330159969329833984e+02
2.340630936622619629e+02
2.350769865512847900e+02
2.360926897525787354e+02
2.371048429012298584e+02
2.381530966758728027e+02
2.391845648288726807e+02
2.402316362857818604e+02
2.412572336196899414e+02
2.423000433444976807e+02
2.433199472427368164e+02
2.443448402881622314e+02
2.453908629417419434e+02
2.464802069664001465e+02
2.475231845378875732e+02
2.485839302539825439e+02
2.496098160743713379e+02
2.506213085651397705e+02
2.516312463283538818e+02
2.526482663154602051e+02
2.536604273319244385e+02
2.546708147525787354e+02
2.556920378208160400e+02
2.567329962253570557e+02
2.577512106895446777e+02
2.587684130668640137e+02
2.597849941253662109e+02
2.608025414943695068e+02
2.618212046623229980e+02
2.628434476852416992e+02
2.638633871078491211e+02
2.648828957080841064e+02
2.659131915569305420e+02
2.669470763206481934e+02
2.679702997207641602e+02
2.690026676654815674e+02
2.700174305438995361e+02
2.710346705913543701e+02
2.720598313808441162e+02
2.730752325057983398e+02
2.740900566577911377e+02
2.751070380210876465e+02
2.761357290744781494e+02
2.771750819683074951e+02
2.782036917209625244e+02
2.792241055965423584e+02
2.802385194301605225e+02
2.812599718570709229e+02
2.823210947513580322e+02
2.833445801734924316e+02
2.843624782562255859e+02
2.853801002502441406e+02
2.863944313526153564e+02
2.874186403751373291e+02
2.884537508487701416e+02
2.894988117218017578e+02
2.905284745693206787e+02
2.915485911369323730e+02
2.925718748569488525e+02
2.935853660106658936e+02
2.946138708591461182e+02
2.956311082839965820e+02
2.966504082679748535e+02
2.976625845432281494e+02
2.986962006092071533e+02
2.997411708831787109e+02
3.008000423908233643e+02
3.018387556076049805e+02
3.028986828327178955e+02
3.039232778549194336e+02
3.049371094703674316e+02
3.059604759216308594e+02
3.070370285511016846e+02
3.081067364215850830e+02
3.091542041301727295e+02
3.101676559448242188e+02
3.111901950836181641e+02
3.122004048824310303e+02
3.132266688346862793e+02
3.142953834533691406e+02
3.153828270435333252e+02
3.164243028163909912e+02
3.174429531097412109e+02
3.184660129547119141e+02
3.194995555877685547e+02
3.205447418689727783e+02
3.215601718425750732e+02
3.225836160182952881e+02
3.235953748226165771e+02
3.246133258342742920e+02
3.256376519203186035e+02
3.266540279388427734e+02
3.276740651130676270e+02
3.287026362419128418e+02
3.297616450786590576e+02
3.308000240325927734e+02
3.318950695991516113e+02
3.329219412803649902e+02
3.339470703601837158e+02
3.349642500877380371e+02
3.359757733345031738e+02
3.369910137653350830e+02
3.380103926658630371e+02
3.390478379726409912e+02
3.400677607059478760e+02
3.410988917350769043e+02
3.421763849258422852e+02
3.431968586444854736e+02
3.442153310775756836e+02
3.452330904006958008e+02
3.462623801231384277e+02
3.472857391834259033e+02
3.483042016029357910e+02
3.493217048645019531e+02
3.503457860946655273e+02
3.513583076000213623e+02
3.523819437026977539e+02
3.534281535148620605e+02
3.544536895751953125e+02
3.554871883392333984e+02
3.565182855129241943e+02
3.575607144832611084e+02
3.585815684795379639e+02
3.596085989475250244e+02
3.606291246414184570e+02
3.616440107822418213e+02
3.626713051795959473e+02
3.636899003982543945e+02
3.647097837924957275e+02
3.657244374752044678e+02
3.667456550598144531e+02
3.678058574199676514e+02
3.688615226745605469e+02
3.699163107872009277e+02
3.709458065032958984e+02
3.719676554203033447e+02
3.729914538860321045e+02
3.740046870708465576e+02
3.750291843414306641e+02
3.760586562156677246e+02
3.770817584991455078e+02
3.781208159923553467e+02
3.791549284458160400e+02
3.801729941368103027e+02
3.811954457759857178e+02
3.822133769989013672e+02
3.832477197647094727e+02
3.842841348648071289e+02
3.852980625629425049e+02
3.863129155635833740e+02
3.873362526893615723e+02
3.883639082908630371e+02
3.893969876766204834e+02
3.904484577178955078e+02
3.915565900802612305e+02
3.926145281791687012e+02
3.936274619102478027e+02
3.946812996864318848e+02
3.957011191844940186e+02
3.967141561508178711e+02
3.977305943965911865e+02
3.987523424625396729e+02
3.997811746597290039e+02
4.008104050159454346e+02
4.018315272331237793e+02
4.028658714294433594e+02
4.039070045948028564e+02
4.049429903030395508e+02
4.059772195816040039e+02
4.070058674812316895e+02
4.080344014167785645e+02
4.090540564060211182e+02
4.100687413215637207e+02
4.110909636020660400e+02
4.121186609268188477e+02
4.131738760471343994e+02
4.142219667434692383e+02
4.152884404659271240e+02
4.163666515350341797e+02
4.174129228591918945e+02
4.184410924911499023e+02
4.194791481494903564e+02
4.205192587375640869e+02
4.216023662090301514e+02
4.226627976894378662e+02
4.236875588893890381e+02
4.247238068580627441e+02
4.258177545070648193e+02
4.268741133213043213e+02
4.279387719631195068e+02
4.290037786960601807e+02
4.300258569717407227e+02
4.310392837524414062e+02
4.320516126155853271e+02
4.330891754627227783e+02
4.341852996349334717e+02
4.352464866638183594e+02
4.363127143383026123e+02
4.373362751007080078e+02
4.384028038978576660e+02
4.394522063732147217e+02
4.404987151622772217e+02
4.415536470413208008e+02
4.426235182285308838e+02
4.436744608879089355e+02
4.447128059864044189e+02
4.457367861270904541e+02
4.467600915431976318e+02
4.477770791053771973e+02
4.488140285015106201e+02
4.498775444030761719e+02
4.509071674346923828e+02
4.519723331928253174e+02
4.530425469875335693e+02
4.540899555683135986e+02
4.551036288738250732e+02
4.561214828491210938e+02
4.571539990901947021e+02
4.581823215484619141e+02
4.592238459587097168e+02
4.602767100334167480e+02
4.613201122283935547e+02
4.623566503524780273e+02
4.633689098358154297e+02
4.644171979427337646e+02
4.654593741893768311e+02
4.665190470218658447e+02
4.675394895076751709e+02
4.685676472187042236e+02
4.696218752861022949e+02
4.706565542221069336e+02
4.716752080917358398e+02
4.727046306133270264e+02
4.737179729938507080e+02
4.747271766662597656e+02
4.757677021026611328e+02
4.768124568462371826e+02
4.778344173431396484e+02
4.788590350151062012e+02
4.798798549175262451e+02
4.809025249481201172e+02
4.819290821552276611e+02
4.829514660835266113e+02
4.839686007499694824e+02
4.850040967464447021e+02
4.860563976764678955e+02
4.870886485576629639e+02
4.881334400177001953e+02
4.891891229152679443e+02
4.902215740680694580e+02
4.912730286121368408e+02
4.923286502361297607e+02
4.934031190872192383e+02
4.944727032184600830e+02
4.955066246986389160e+02
4.965560412406921387e+02
4.975800921916961670e+02
4.986152706146240234e+02
4.996801192760467529e+02
5.007494173049926758e+02
5.018400769233703613e+02
5.029251065254211426e+02
5.039496512413024902e+02
5.049905791282653809e+02
5.060407204627990723e+02
5.070931348800659180e+02
5.081465075016021729e+02
5.091727602481842041e+02
5.102313804626464844e+02
5.112619299888610840e+02
5.122964935302734375e+02
5.133469240665435791e+02
5.143949453830718994e+02
5.154340147972106934e+02
5.164464039802551270e+02
5.174674327373504639e+02
5.185044190883636475e+02
5.195509259700775146e+02
5.206048393249511719e+02
5.216715433597564697e+02
5.226942794322967529e+02
5.237147271633148193e+02
5.247524573802947998e+02
5.258176558017730713e+02
5.268814768791198730e+02
5.279298686981201172e+02
5.289471614360809326e+02
5.299757945537567139e+02
5.310086097717285156e+02
5.320266380310058594e+02
5.330537815093994141e+02
5.341098737716674805e+02
5.351200199127197266e+02
5.361341462135314941e+02
5.371668608188629150e+02
5.382044873237609863e+02
5.392288377285003662e+02
5.402447745800018311e+02
5.413029868602752686e+02
5.423752233982086182e+02
5.434358046054840088e+02
5.444718778133392334e+02
5.454919803142547607e+02
5.465358338356018066e+02
5.475669677257537842e+02
5.486310420036315918e+02
5.496519415378570557e+02
5.506799659729003906e+02
5.517116036415100098e+02
5.527414805889129639e+02
5.537690691947937012e+02
5.547933232784271240e+02
5.558274867534637451e+02
5.568494825363159180e+02
5.578786230087280273e+02
5.589162364006042480e+02
5.599445362091064453e+02
5.609891979694366455e+02
5.620298855304718018e+02
5.630450587272644043e+02
5.640669257640838623e+02
5.651096055507659912e+02
5.661381003856658936e+02
5.671750512123107910e+02
5.681930401325225830e+02
5.692182807922363281e+02
5.702488815784454346e+02
5.712665071487426758e+02
5.723032112121582031e+02
5.733167791366577148e+02
5.743302502632141113e+02
5.753515157699584961e+02
5.763833224773406982e+02
5.774586439132690430e+02
5.784987366199493408e+02
5.795446310043334961e+02
5.805623121261596680e+02
5.815796833038330078e+02
5.826246166229248047e+02
5.836394367218017578e+02
5.846560328006744385e+02
5.856962833404541016e+02
5.867199113368988037e+02
5.877374680042266846e+02
5.887541472911834717e+02
5.897706272602081299e+02
5.907856638431549072e+02
5.918037719726562500e+02
5.928196115493774414e+02
5.938370323181152344e+02
5.948534178733825684e+02
5.958699517250061035e+02
5.968859722614288330e+02
5.979029641151428223e+02
5.989186937808990479e+02
5.999338662624359131e+02
6.009512321949005127e+02
6.019662797451019287e+02
6.029830443859100342e+02
6.039997580051422119e+02
6.050149610042572021e+02
6.060301938056945801e+02
6.070426290035247803e+02
6.080567469596862793e+02
6.090737328529357910e+02
6.100892357826232910e+02
6.111078057289123535e+02
6.121242990493774414e+02
6.131404201984405518e+02
6.141556861400604248e+02
6.151712036132812500e+02
6.161870925426483154e+02
6.172031285762786865e+02
6.182198164463043213e+02
6.192355806827545166e+02
6.202518978118896484e+02
6.212674806118011475e+02
6.222828006744384766e+02
6.232985489368438721e+02
6.243136017322540283e+02
6.253290176391601562e+02
6.263441209793090820e+02
6.273590998649597168e+02
6.283739321231842041e+02
6.293897078037261963e+02
6.304043841361999512e+02
6.314197733402252197e+02
6.324357123374938965e+02
6.334509329795837402e+02
6.344659295082092285e+02
6.354823720455169678e+02
6.364976150989532471e+02
6.375126297473907471e+02
6.385280518531799316e+02
6.395432610511779785e+02
6.405579261779785156e+02
