1.249146461486816406e-02
1.982879638671875000e-02
6.371021270751953125e-03
3.506493568420410156e-02
2.124500274658203125e-02
3.163123130798339844e-02
2.579021453857421875e-02
1.376366615295410156e-02
9.680509567260742188e-03
8.081912994384765625e-03
3.657507896423339844e-02
2.193355560302734375e-02
1.171851158142089844e-02
1.356816291809082031e-02
7.742404937744140625e-03
2.737903594970703125e-02
1.493358612060546875e-02
2.557635307312011719e-02
2.911996841430664062e-02
4.456281661987304688e-03
2.055001258850097656e-02
6.225132942199707031e-02
3.233647346496582031e-02
8.314132690429687500e-03
5.771398544311523438e-03
1.844978332519531250e-02
8.488655090332031250e-03
4.738807678222656250e-03
1.475286483764648438e-02
8.172750473022460938e-03
4.633975028991699219e-02
7.675647735595703125e-03
3.496456146240234375e-02
1.011610031127929688e-02
5.281257629394531250e-02
2.226734161376953125e-02
4.454135894775390625e-03
2.904391288757324219e-02
3.881001472473144531e-02
1.204633712768554688e-02
5.258560180664062500e-03
7.449626922607421875e-03
9.917497634887695312e-03
8.067846298217773438e-03
4.121088981628417969e-02
2.795982360839843750e-02
1.491045951843261719e-02
1.526236534118652344e-02
7.515430450439453125e-03
4.549741744995117188e-02
4.684209823608398438e-03
1.469731330871582031e-02
4.309368133544921875e-02
2.450776100158691406e-02
1.769590377807617188e-02
1.042151451110839844e-02
2.119755744934082031e-02
3.661441802978515625e-02
2.200460433959960938e-02
1.493549346923828125e-02
7.420301437377929688e-03
2.281594276428222656e-02
8.053779602050781250e-03
7.739543914794921875e-03
1.899123191833496094e-02
1.858186721801757812e-02
3.335547447204589844e-02
2.269935607910156250e-02
4.506349563598632812e-03
1.595926284790039062e-02
4.752397537231445312e-03
2.106285095214843750e-02
3.713464736938476562e-02
4.590511322021484375e-03
1.981043815612792969e-02
4.637718200683593750e-03
1.100683212280273438e-02
7.580995559692382812e-03
1.585245132446289062e-02
5.929708480834960938e-03
4.980802536010742188e-03
1.079726219177246094e-02
7.329702377319335938e-03
1.448225975036621094e-02
1.003289222717285156e-02
4.514694213867187500e-03
1.243400573730468750e-02
7.184028625488281250e-03
2.814197540283203125e-02
8.194208145141601562e-03
4.441499710083007812e-03
1.034522056579589844e-02
5.682229995727539062e-03
1.600217819213867188e-02
1.578283309936523438e-02
4.578828811645507812e-03
1.338887214660644531e-02
5.845785140991210938e-03
1.243853569030761719e-02
9.810209274291992188e-03
4.593372344970703125e-03
1.449966430664062500e-02
4.413604736328125000e-03
1.543879508972167969e-02
7.328271865844726562e-03
6.524085998535156250e-03
1.796936988830566406e-02
4.496812820434570312e-03
1.717853546142578125e-02
7.258176803588867188e-03
6.384849548339843750e-03
1.931929588317871094e-02
4.529953002929687500e-03
1.256084442138671875e-02
4.612684249877929688e-03
4.621267318725585938e-03
1.086926460266113281e-02
4.672527313232421875e-03
1.602578163146972656e-02
4.754543304443359375e-03
1.576566696166992188e-02
1.491093635559082031e-02
4.227519035339355469e-02
1.639890670776367188e-02
3.550982475280761719e-02
1.097464561462402344e-02
1.884412765502929688e-02
4.768133163452148438e-03
2.417397499084472656e-02
5.884408950805664062e-03
1.748418807983398438e-02
3.423666954040527344e-02
4.681825637817382812e-03
1.637792587280273438e-02
4.463672637939453125e-03
9.295701980590820312e-03
7.092952728271484375e-03
1.597762107849121094e-02
9.061336517333984375e-03
4.427433013916015625e-03
7.951974868774414062e-03
4.372835159301757812e-03
1.546192169189453125e-02
9.112119674682617188e-03
4.540920257568359375e-03
5.757093429565429688e-03
1.204347610473632812e-02
7.142543792724609375e-03
4.864430427551269531e-02
4.443883895874023438e-03
6.874799728393554688e-03
4.369735717773437500e-03
2.111434936523437500e-02
1.351809501647949219e-02
3.106451034545898438e-02
9.404182434082031250e-03
4.589557647705078125e-03
1.576375961303710938e-02
5.791187286376953125e-03
1.305532455444335938e-02
1.741170883178710938e-02
4.809379577636718750e-03
1.074552536010742188e-02
4.471063613891601562e-03
1.569032669067382812e-02
7.615327835083007812e-03
7.505178451538085938e-03
1.735734939575195312e-02
5.945682525634765625e-03
7.753610610961914062e-03
8.982419967651367188e-03
4.844427108764648438e-03
2.863001823425292969e-02
8.235692977905273438e-03
2.383303642272949219e-02
4.624629020690917969e-02
5.388975143432617188e-03
4.507780075073242188e-03
5.225658416748046875e-03
1.561737060546875000e-02
2.897262573242187500e-02
1.932692527770996094e-02
1.329803466796875000e-02
1.830148696899414062e-02
2.961969375610351562e-02
4.415273666381835938e-03
1.262259483337402344e-02
4.321336746215820312e-03
4.346895217895507812e-02
2.981853485107421875e-02
4.573988914489746094e-02
2.631473541259765625e-02
7.298946380615234375e-03
4.442453384399414062e-03
1.714444160461425781e-02
7.262945175170898438e-03
1.806998252868652344e-02
7.377624511718750000e-03
2.534961700439453125e-02
1.641845703125000000e-02
4.493951797485351562e-03
7.668495178222656250e-03
4.771471023559570312e-03
1.719570159912109375e-02
3.330945968627929688e-02
5.733561515808105469e-02
3.701996803283691406e-02
5.230855941772460938e-02
1.094889640808105469e-02
7.421016693115234375e-03
1.323437690734863281e-02
1.743626594543457031e-02
4.587888717651367188e-03
8.160591125488281250e-03
5.879640579223632812e-03
1.717114448547363281e-02
1.656413078308105469e-02
4.484891891479492188e-03
2.384305000305175781e-02
4.285812377929687500e-03
1.997041702270507812e-02
7.085323333740234375e-03
1.286959648132324219e-02
7.067441940307617188e-03
2.847528457641601562e-02
3.685927391052246094e-02
4.776239395141601562e-03
4.681825637817382812e-03
9.869813919067382812e-03
4.294157028198242188e-03
4.068684577941894531e-02
2.024745941162109375e-02
4.674911499023437500e-03
2.113318443298339844e-02
4.688262939453125000e-03
1.559996604919433594e-02
7.093429565429687500e-03
3.866481781005859375e-02
3.637385368347167969e-02
2.292871475219726562e-02
2.111291885375976562e-02
5.011558532714843750e-03
7.087945938110351562e-03
4.770278930664062500e-03
4.555940628051757812e-03
7.811784744262695312e-03
4.597902297973632812e-03
1.532101631164550781e-02
1.386260986328125000e-02
4.652261734008789062e-03
1.294302940368652344e-02
4.455804824829101562e-03
1.073694229125976562e-02
7.539033889770507812e-03
1.483464241027832031e-02
1.534914970397949219e-02
4.507303237915039062e-03
2.591252326965332031e-02
4.513263702392578125e-03
1.885843276977539062e-02
1.818609237670898438e-02
4.680633544921875000e-03
1.292371749877929688e-02
7.545948028564453125e-03
7.955551147460937500e-03
7.195472717285156250e-03
4.511117935180664062e-03
2.431273460388183594e-02
2.600693702697753906e-02
4.363536834716796875e-03
1.601219177246093750e-02
7.160425186157226562e-03
1.433658599853515625e-02
7.418394088745117188e-03
1.567482948303222656e-02
7.687568664550781250e-03
4.352807998657226562e-03
9.996175765991210938e-03
7.421731948852539062e-03
2.807569503784179688e-02
1.829814910888671875e-02
4.697322845458984375e-03
1.579809188842773438e-02
5.964279174804687500e-03
7.611989974975585938e-03
9.135007858276367188e-03
4.505157470703125000e-03
1.491594314575195312e-02
5.800724029541015625e-03
2.774429321289062500e-02
1.376605033874511719e-02
7.445096969604492188e-03
3.137135505676269531e-02
1.211881637573242188e-02
1.458644866943359375e-02
4.579305648803710938e-03
1.898241043090820312e-02
2.486062049865722656e-02
1.517534255981445312e-02
2.471852302551269531e-02
4.706859588623046875e-03
1.811957359313964844e-02
4.488468170166015625e-03
2.185988426208496094e-02
3.641891479492187500e-02
4.179835319519042969e-02
7.159709930419921875e-03
7.201194763183593750e-03
1.572418212890625000e-02
1.992321014404296875e-02
4.341125488281250000e-03
1.101446151733398438e-02
4.166126251220703125e-03
5.630254745483398438e-03
7.206439971923828125e-03
1.545643806457519531e-02
7.263183593750000000e-03
4.264831542968750000e-03
2.421784400939941406e-02
7.304430007934570312e-03
3.093862533569335938e-02
5.041694641113281250e-02
1.337194442749023438e-02
1.449060440063476562e-02
4.416465759277343750e-03
7.021903991699218750e-03
1.069355010986328125e-02
4.806756973266601562e-03
3.279948234558105469e-02
7.493495941162109375e-03
2.401661872863769531e-02
1.028537750244140625e-02
4.612207412719726562e-03
1.414823532104492188e-02
4.564523696899414062e-03
2.478027343750000000e-02
9.387016296386718750e-03
4.763841629028320312e-03
1.218509674072265625e-02
4.668951034545898438e-03
6.033897399902343750e-03
1.456093788146972656e-02
2.756142616271972656e-02
1.743555068969726562e-02
7.374048233032226562e-03
2.282118797302246094e-02
7.295846939086914062e-03
1.076579093933105469e-02
1.522231101989746094e-02
4.648923873901367188e-03
6.889581680297851562e-03
4.459857940673828125e-03
1.415681838989257812e-02
1.101040840148925781e-02
4.584789276123046875e-03
1.389169692993164062e-02
3.366923332214355469e-02
1.302123069763183594e-02
2.126479148864746094e-02
4.266977310180664062e-03
1.486420631408691406e-02
1.170063018798828125e-02
4.188776016235351562e-03
1.660943031311035156e-02
4.492521286010742188e-03
1.846933364868164062e-02
2.869772911071777344e-02
4.482507705688476562e-03
1.182889938354492188e-02
5.830526351928710938e-03
1.183986663818359375e-02
1.868414878845214844e-02
4.710435867309570312e-03
7.298707962036132812e-03
4.428148269653320312e-03
1.538085937500000000e-02
7.255315780639648438e-03
2.510142326354980469e-02
2.639102935791015625e-02
5.326771736145019531e-02
2.087903022766113281e-02
4.876613616943359375e-03
4.721355438232421875e-02
7.376909255981445312e-03
4.885435104370117188e-03
7.935285568237304688e-03
4.624843597412109375e-03
2.416348457336425781e-02
7.795095443725585938e-03
1.395463943481445312e-02
1.570558547973632812e-02
1.657676696777343750e-02
2.388787269592285156e-02
4.640340805053710938e-03
2.126073837280273438e-02
1.288199424743652344e-02
4.580974578857421875e-03
6.460905075073242188e-03
6.045818328857421875e-03
1.458954811096191406e-02
1.250076293945312500e-02
3.033876419067382812e-02
2.104234695434570312e-02
3.171062469482421875e-02
1.692605018615722656e-02
8.927345275878906250e-03
2.263617515563964844e-02
2.155113220214843750e-02
3.768730163574218750e-02
4.669904708862304688e-03
1.709222793579101562e-02
1.826620101928710938e-02
3.915047645568847656e-02
3.212881088256835938e-02
3.968405723571777344e-02
4.203128814697265625e-02
4.591941833496093750e-03
5.385160446166992188e-03
4.504203796386718750e-03
3.016281127929687500e-02
3.920793533325195312e-02
2.715253829956054688e-02
3.314995765686035156e-02
1.591873168945312500e-02
4.396939277648925781e-02
2.928638458251953125e-02
3.416347503662109375e-02
3.601503372192382812e-02
2.058625221252441406e-02
1.926183700561523438e-02
1.514005661010742188e-02
4.381418228149414062e-03
1.847004890441894531e-02
6.764411926269531250e-03
2.481293678283691406e-02
2.522635459899902344e-02
1.382756233215332031e-02
1.342654228210449219e-02
3.548502922058105469e-02
4.497528076171875000e-03
6.034851074218750000e-03
7.252216339111328125e-03
2.489948272705078125e-02
7.262945175170898438e-03
3.409051895141601562e-02
2.904701232910156250e-02
1.252770423889160156e-02
6.925344467163085938e-03
4.373073577880859375e-03
4.245710372924804688e-02
1.717519760131835938e-02
7.993459701538085938e-03
1.211261749267578125e-02
7.036447525024414062e-03
4.662847518920898438e-02
7.019519805908203125e-03
1.069259643554687500e-02
1.884436607360839844e-02
4.349708557128906250e-03
4.736185073852539062e-03
1.584839820861816406e-02
4.399061203002929688e-03
1.721811294555664062e-02
4.512071609497070312e-03
1.245737075805664062e-02
7.101774215698242188e-03
1.842474937438964844e-02
7.428169250488281250e-03
6.892681121826171875e-03
2.713370323181152344e-02
2.027750015258789062e-02
1.241326332092285156e-02
3.126478195190429688e-02
5.536317825317382812e-03
2.779150009155273438e-02
2.111172676086425781e-02
1.364874839782714844e-02
1.912689208984375000e-02
7.112979888916015625e-03
2.606558799743652344e-02
1.714110374450683594e-02
7.131099700927734375e-03
2.750539779663085938e-02
4.233431816101074219e-02
2.130484580993652344e-02
5.318760871887207031e-02
7.486581802368164062e-03
1.547312736511230469e-02
1.181769371032714844e-02
2.874231338500976562e-02
1.480889320373535156e-02
7.345676422119140625e-03
1.873779296875000000e-02
1.276803016662597656e-02
2.286291122436523438e-02
2.747416496276855469e-02
2.463746070861816406e-02
2.315521240234375000e-02
1.010847091674804688e-02
4.369020462036132812e-03
1.658701896667480469e-02
7.116317749023437500e-03
3.911089897155761719e-02
1.865053176879882812e-02
4.544258117675781250e-03
1.831126213073730469e-02
4.542827606201171875e-03
3.329300880432128906e-02
1.642227172851562500e-02
3.170418739318847656e-02
2.090001106262207031e-02
4.382848739624023438e-03
2.376794815063476562e-02
2.051687240600585938e-02
4.570245742797851562e-03
2.271652221679687500e-02
4.580974578857421875e-03
5.804538726806640625e-03
7.128000259399414062e-03
2.520298957824707031e-02
7.911920547485351562e-03
8.692741394042968750e-03
8.660793304443359375e-03
1.670861244201660156e-02
3.366160392761230469e-02
8.298158645629882812e-03
2.814984321594238281e-02
7.500886917114257812e-03
3.620553016662597656e-02
9.728193283081054688e-03
2.922964096069335938e-02
5.753993988037109375e-03
8.154630661010742188e-03
2.387070655822753906e-02
6.999731063842773438e-03
4.954814910888671875e-03
1.975917816162109375e-02
4.434108734130859375e-03
1.752781867980957031e-02
7.595062255859375000e-03
3.018307685852050781e-02
1.534080505371093750e-02
2.506828308105468750e-02
1.527714729309082031e-02
4.384756088256835938e-03
1.745867729187011719e-02
2.247428894042968750e-02
1.532506942749023438e-02
1.521587371826171875e-02
7.584095001220703125e-03
1.783728599548339844e-02
7.797002792358398438e-03
1.053071022033691406e-02
2.457571029663085938e-02
4.694700241088867188e-03
7.911682128906250000e-03
7.432222366333007812e-03
2.444267272949218750e-02
4.670667648315429688e-02
1.913213729858398438e-02
1.496553421020507812e-02
4.411458969116210938e-03
1.031756401062011719e-02
2.916932106018066406e-02
4.697799682617187500e-03
1.041150093078613281e-02
4.616737365722656250e-03
1.473999023437500000e-02
7.399559020996093750e-03
7.423400878906250000e-03
7.464408874511718750e-03
7.452487945556640625e-03
8.206605911254882812e-03
7.942914962768554688e-03
7.770538330078125000e-03
7.242918014526367188e-03
7.290840148925781250e-03
7.281780242919921875e-03
7.443189620971679688e-03
7.315397262573242188e-03
7.282257080078125000e-03
7.342815399169921875e-03
7.199764251708984375e-03
7.244348526000976562e-03
7.483243942260742188e-03
7.169485092163085938e-03
7.421970367431640625e-03
4.473686218261718750e-03
7.577180862426757812e-03
7.434606552124023438e-03
7.466554641723632812e-03
7.376432418823242188e-03
7.359266281127929688e-03
7.348060607910156250e-03
7.191419601440429688e-03
7.464170455932617188e-03
7.321596145629882812e-03
7.371187210083007812e-03
7.785081863403320312e-03
7.289648056030273438e-03
7.514715194702148438e-03
7.223606109619140625e-03
7.393360137939453125e-03
7.385492324829101562e-03
7.428646087646484375e-03
7.426500320434570312e-03
7.199764251708984375e-03
7.308006286621093750e-03
7.504463195800781250e-03
7.535219192504882812e-03
7.239580154418945312e-03
7.719278335571289062e-03
7.367849349975585938e-03
7.380247116088867188e-03
7.468461990356445312e-03
7.601737976074218750e-03
7.315158843994140625e-03
7.397651672363281250e-03
7.613658905029296875e-03
7.345676422119140625e-03
7.214069366455078125e-03
