3.646731376647949219e-02
1.044392585754394531e-02
7.422924041748046875e-03
3.215193748474121094e-02
4.806065559387207031e-02
4.282426834106445312e-02
3.926968574523925781e-02
2.851986885070800781e-02
4.107880592346191406e-02
8.741617202758789062e-03
3.339982032775878906e-02
5.348849296569824219e-02
3.880310058593750000e-02
3.608894348144531250e-02
7.311105728149414062e-03
3.015089035034179688e-02
2.252840995788574219e-02
1.188015937805175781e-02
3.912210464477539062e-02
5.770921707153320312e-03
9.594678878784179688e-03
4.660940170288085938e-02
2.129340171813964844e-02
1.871371269226074219e-02
5.597114562988281250e-03
3.440737724304199219e-02
2.295494079589843750e-02
5.129337310791015625e-03
1.012015342712402344e-02
8.629798889160156250e-03
7.578277587890625000e-02
8.547782897949218750e-03
2.907729148864746094e-02
3.159928321838378906e-02
4.533743858337402344e-02
2.812743186950683594e-02
5.440950393676757812e-03
4.671382904052734375e-02
3.646636009216308594e-02
1.940798759460449219e-02
5.987644195556640625e-03
7.313728332519531250e-03
2.089214324951171875e-02
8.374452590942382812e-03
4.630756378173828125e-02
5.106306076049804688e-02
3.161811828613281250e-02
4.615259170532226562e-02
7.495641708374023438e-03
7.803511619567871094e-02
8.379220962524414062e-03
1.815605163574218750e-02
2.918434143066406250e-02
4.140806198120117188e-02
2.705717086791992188e-02
1.338624954223632812e-02
3.898882865905761719e-02
2.256369590759277344e-02
2.811074256896972656e-02
4.179072380065917969e-02
7.323741912841796875e-03
2.542924880981445312e-02
1.844859123229980469e-02
8.598804473876953125e-03
1.742506027221679688e-02
2.553653717041015625e-02
3.654193878173828125e-02
1.531481742858886719e-02
7.344722747802734375e-03
4.129028320312500000e-02
4.197120666503906250e-03
9.863138198852539062e-03
1.630425453186035156e-02
6.895065307617187500e-03
8.846044540405273438e-03
6.924629211425781250e-03
7.635354995727539062e-03
1.094937324523925781e-02
1.615357398986816406e-02
1.759934425354003906e-02
7.136821746826171875e-03
3.318953514099121094e-02
8.045673370361328125e-03
6.746292114257812500e-03
3.253388404846191406e-02
7.179498672485351562e-03
6.848573684692382812e-03
7.002115249633789062e-03
2.538895606994628906e-02
9.084224700927734375e-03
5.213260650634765625e-03
1.556134223937988281e-02
8.115530014038085938e-03
1.280450820922851562e-02
9.145498275756835938e-03
6.760597229003906250e-03
8.627414703369140625e-03
6.985664367675781250e-03
1.656436920166015625e-02
9.138584136962890625e-03
7.776975631713867188e-03
2.106380462646484375e-02
5.038738250732421875e-03
1.657700538635253906e-02
7.403135299682617188e-03
1.082420349121093750e-02
1.162028312683105469e-02
7.296562194824218750e-03
1.734781265258789062e-02
7.953882217407226562e-03
1.494956016540527344e-02
9.635210037231445312e-03
6.179809570312500000e-03
9.692430496215820312e-03
9.135961532592773438e-03
4.433870315551757812e-03
1.773810386657714844e-02
7.876396179199218750e-03
3.056550025939941406e-02
7.633924484252929688e-03
7.798671722412109375e-03
4.841208457946777344e-02
6.475758552551269531e-02
2.204227447509765625e-02
3.651475906372070312e-02
7.294893264770507812e-03
4.096269607543945312e-02
6.993532180786132812e-03
2.126789093017578125e-02
5.659818649291992188e-03
4.707098007202148438e-02
3.725934028625488281e-02
4.468679428100585938e-03
2.039551734924316406e-02
4.044771194458007812e-03
3.430628776550292969e-02
7.083415985107421875e-03
4.078912734985351562e-02
6.530284881591796875e-03
4.048109054565429688e-03
7.248878479003906250e-03
8.728504180908203125e-03
1.276612281799316406e-02
1.494789123535156250e-02
4.110336303710937500e-03
6.877660751342773438e-03
8.800029754638671875e-03
6.052255630493164062e-03
5.982232093811035156e-02
4.053831100463867188e-03
7.749795913696289062e-03
5.577087402343750000e-03
9.337663650512695312e-03
1.897096633911132812e-02
3.306031227111816406e-02
2.904248237609863281e-02
6.745338439941406250e-03
1.423239707946777344e-02
6.618261337280273438e-03
1.092100143432617188e-02
4.017591476440429688e-02
4.378318786621093750e-03
1.122713088989257812e-02
6.346940994262695312e-03
2.716660499572753906e-02
7.197618484497070312e-03
7.535457611083984375e-03
9.675502777099609375e-03
6.392717361450195312e-03
7.118463516235351562e-03
1.046609878540039062e-02
6.402492523193359375e-03
4.339098930358886719e-02
8.419275283813476562e-03
2.965521812438964844e-02
2.899789810180664062e-02
8.818864822387695312e-03
5.138158798217773438e-03
8.873939514160156250e-03
1.573634147644042969e-02
2.464652061462402344e-02
4.782390594482421875e-02
2.597737312316894531e-02
6.589651107788085938e-03
9.099006652832031250e-03
4.735231399536132812e-03
1.122236251831054688e-02
7.128000259399414062e-03
3.096580505371093750e-02
7.377958297729492188e-02
3.985381126403808594e-02
1.387143135070800781e-02
1.371622085571289062e-02
4.308223724365234375e-03
2.533435821533203125e-02
8.403062820434570312e-03
4.283690452575683594e-02
7.219314575195312500e-03
4.301214218139648438e-02
9.034395217895507812e-03
4.656314849853515625e-03
2.015328407287597656e-02
6.753444671630859375e-03
1.519584655761718750e-02
1.017189025878906250e-02
3.555035591125488281e-02
1.559019088745117188e-02
1.800036430358886719e-02
1.199722290039062500e-02
8.659124374389648438e-03
1.035881042480468750e-02
2.427721023559570312e-02
6.153821945190429688e-03
1.620173454284667969e-02
6.962060928344726562e-03
2.318859100341796875e-02
1.941418647766113281e-02
6.873130798339843750e-03
3.079962730407714844e-02
4.691839218139648438e-03
5.849647521972656250e-02
7.954120635986328125e-03
3.333640098571777344e-02
8.239030838012695312e-03
1.640272140502929688e-02
4.202485084533691406e-02
8.837699890136718750e-03
5.325794219970703125e-03
7.545471191406250000e-03
7.254838943481445312e-03
1.093888282775878906e-02
4.209852218627929688e-02
4.186391830444335938e-03
3.782892227172851562e-02
4.036664962768554688e-03
1.754164695739746094e-02
7.060050964355468750e-03
5.269646644592285156e-02
1.980471611022949219e-02
3.937172889709472656e-02
2.062797546386718750e-02
4.142999649047851562e-03
4.919052124023437500e-03
1.220130920410156250e-02
4.054307937622070312e-03
5.266189575195312500e-03
5.647659301757812500e-03
2.687048912048339844e-02
1.319980621337890625e-02
4.002094268798828125e-03
1.178312301635742188e-02
6.406784057617187500e-03
1.076269149780273438e-02
6.963014602661132812e-03
4.239082336425781250e-03
1.474785804748535156e-02
4.105806350708007812e-03
2.910518646240234375e-02
4.054307937622070312e-03
1.386737823486328125e-02
9.812116622924804688e-03
4.078865051269531250e-03
1.738977432250976562e-02
7.160663604736328125e-03
7.378339767456054688e-03
1.222109794616699219e-02
4.090785980224609375e-03
1.308774948120117188e-02
2.398848533630371094e-02
4.108428955078125000e-03
6.978511810302734375e-03
6.856918334960937500e-03
5.341839790344238281e-02
7.194995880126953125e-03
9.951829910278320312e-03
1.239991188049316406e-02
4.082679748535156250e-03
1.649522781372070312e-02
6.752252578735351562e-03
2.648568153381347656e-02
2.468752861022949219e-02
4.052877426147460938e-03
1.704835891723632812e-02
5.594730377197265625e-03
1.909351348876953125e-02
1.244997978210449219e-02
4.134416580200195312e-03
6.089210510253906250e-03
5.598068237304687500e-03
3.092551231384277344e-02
5.112814903259277344e-02
7.050275802612304688e-03
4.753279685974121094e-02
9.718179702758789062e-03
8.991241455078125000e-03
4.092216491699218750e-03
5.137729644775390625e-02
5.423569679260253906e-02
2.246379852294921875e-02
8.488416671752929688e-03
4.137754440307617188e-03
5.461215972900390625e-03
4.127740859985351562e-03
3.205394744873046875e-02
4.536533355712890625e-02
3.397822380065917969e-02
1.118326187133789062e-02
7.090568542480468750e-03
1.334834098815917969e-02
4.056644439697265625e-02
4.124402999877929688e-03
1.897716522216796875e-02
5.821704864501953125e-03
8.642435073852539062e-03
8.541345596313476562e-03
8.817195892333984375e-03
1.549482345581054688e-02
4.048824310302734375e-03
5.139327049255371094e-02
7.152557373046875000e-03
4.430031776428222656e-02
1.323938369750976562e-02
9.988307952880859375e-03
1.249027252197265625e-02
4.206180572509765625e-03
4.240989685058593750e-03
1.423978805541992188e-02
4.304885864257812500e-03
1.213026046752929688e-02
6.765127182006835938e-03
6.698989868164062500e-02
1.557111740112304688e-02
4.070997238159179688e-03
1.293110847473144531e-02
4.234075546264648438e-03
1.368117332458496094e-02
1.344251632690429688e-02
5.000352859497070312e-03
1.905727386474609375e-02
6.137847900390625000e-03
8.752107620239257812e-03
1.833581924438476562e-02
7.227659225463867188e-03
2.584910392761230469e-02
7.513761520385742188e-03
3.483653068542480469e-02
9.806156158447265625e-03
1.152181625366210938e-02
1.557707786560058594e-02
7.672548294067382812e-03
2.247571945190429688e-02
4.148006439208984375e-03
8.371353149414062500e-03
9.730339050292968750e-03
6.850004196166992188e-03
2.585983276367187500e-02
4.236888885498046875e-02
3.321790695190429688e-02
2.493739128112792969e-02
6.718873977661132812e-03
9.972810745239257812e-03
8.116006851196289062e-03
5.830764770507812500e-03
2.468013763427734375e-02
4.339694976806640625e-03
9.674549102783203125e-03
2.931714057922363281e-02
5.930662155151367188e-03
1.635098457336425781e-02
5.835533142089843750e-03
1.533794403076171875e-02
3.142523765563964844e-02
5.635261535644531250e-03
1.011562347412109375e-02
7.646560668945312500e-03
2.011084556579589844e-02
7.660627365112304688e-03
2.477550506591796875e-02
5.457663536071777344e-02
3.674507141113281250e-02
7.395267486572265625e-03
5.690813064575195312e-03
1.214885711669921875e-02
7.790327072143554688e-03
7.660865783691406250e-03
1.683807373046875000e-02
4.367828369140625000e-03
2.113747596740722656e-02
6.893873214721679688e-03
1.836633682250976562e-02
2.429580688476562500e-02
1.180887222290039062e-02
2.932763099670410156e-02
7.067680358886718750e-03
1.533436775207519531e-02
1.476860046386718750e-02
7.853746414184570312e-03
1.583266258239746094e-02
6.358385086059570312e-03
4.223132133483886719e-02
1.744294166564941406e-02
4.515027999877929688e-02
4.618549346923828125e-02
2.905774116516113281e-02
1.702404022216796875e-02
1.512193679809570312e-02
1.814222335815429688e-02
4.508090019226074219e-02
5.541348457336425781e-02
7.379531860351562500e-03
1.767945289611816406e-02
5.450034141540527344e-02
2.376222610473632812e-02
2.466130256652832031e-02
2.267146110534667969e-02
1.718831062316894531e-02
7.754564285278320312e-03
7.515907287597656250e-03
6.954193115234375000e-03
5.644297599792480469e-02
3.378748893737792969e-02
3.280162811279296875e-02
7.372617721557617188e-03
2.180075645446777344e-02
1.981830596923828125e-02
1.204514503479003906e-02
1.861190795898437500e-02
4.899477958679199219e-02
3.141665458679199219e-02
2.292633056640625000e-02
1.931738853454589844e-02
4.509449005126953125e-03
9.916305541992187500e-03
7.491588592529296875e-03
3.788495063781738281e-02
1.549601554870605469e-02
5.141401290893554688e-02
3.440308570861816406e-02
4.262924194335937500e-02
7.334709167480468750e-03
1.029539108276367188e-02
7.208585739135742188e-03
2.076363563537597656e-02
7.034301757812500000e-03
2.353262901306152344e-02
3.058075904846191406e-02
2.934813499450683594e-02
7.573604583740234375e-03
4.000663757324218750e-03
2.474188804626464844e-02
5.138778686523437500e-02
8.009910583496093750e-03
2.039265632629394531e-02
7.288694381713867188e-03
2.697968482971191406e-02
7.689237594604492188e-03
1.026797294616699219e-02
8.662223815917968750e-03
4.191398620605468750e-03
2.436470985412597656e-02
4.006123542785644531e-02
4.185199737548828125e-03
1.980257034301757812e-02
8.059978485107421875e-03
1.529860496520996094e-02
7.810831069946289062e-03
1.457548141479492188e-02
9.932518005371093750e-03
7.408142089843750000e-03
3.170776367187500000e-02
1.957368850708007812e-02
1.322555541992187500e-02
4.981732368469238281e-02
4.311323165893554688e-03
3.004407882690429688e-02
4.135298728942871094e-02
5.497717857360839844e-02
6.205868721008300781e-02
7.526636123657226562e-03
3.152608871459960938e-02
1.652503013610839844e-02
7.367372512817382812e-03
2.195787429809570312e-02
4.770231246948242188e-02
3.717660903930664062e-02
7.725811004638671875e-02
8.681774139404296875e-03
2.881455421447753906e-02
2.114391326904296875e-02
3.728437423706054688e-02
4.559397697448730469e-02
7.205724716186523438e-03
4.548096656799316406e-02
7.165431976318359375e-03
6.751060485839843750e-03
2.549791336059570312e-02
2.455568313598632812e-02
2.867269515991210938e-02
7.766485214233398438e-03
4.171371459960937500e-03
2.952408790588378906e-02
7.103919982910156250e-03
3.500032424926757812e-02
6.185460090637207031e-02
4.136085510253906250e-03
1.562118530273437500e-02
4.163980484008789062e-03
4.849386215209960938e-02
3.184318542480468750e-02
2.715826034545898438e-02
1.264810562133789062e-02
4.022359848022460938e-03
1.200175285339355469e-02
1.316213607788085938e-02
4.137754440307617188e-03
5.122494697570800781e-02
4.053831100463867188e-03
6.737470626831054688e-03
7.091283798217773438e-03
2.935814857482910156e-02
1.539111137390136719e-02
7.012605667114257812e-03
4.122757911682128906e-02
3.813886642456054688e-02
5.198359489440917969e-02
7.669687271118164062e-03
1.233673095703125000e-02
7.246971130371093750e-03
2.111244201660156250e-02
3.419756889343261719e-02
1.489853858947753906e-02
1.959419250488281250e-02
7.490158081054687500e-03
2.259922027587890625e-02
2.236986160278320312e-02
4.234552383422851562e-03
2.938580513000488281e-02
4.191875457763671875e-03
2.124953269958496094e-02
7.166385650634765625e-03
1.269745826721191406e-02
1.931452751159667969e-02
2.511429786682128906e-02
1.046109199523925781e-02
4.138708114624023438e-03
1.993751525878906250e-02
1.291704177856445312e-02
2.148056030273437500e-02
1.013827323913574219e-02
7.137298583984375000e-03
2.254223823547363281e-02
6.735324859619140625e-03
1.183247566223144531e-02
8.538484573364257812e-03
5.245447158813476562e-03
1.352310180664062500e-02
7.043361663818359375e-03
2.835440635681152344e-02
2.065706253051757812e-02
3.063893318176269531e-02
1.298522949218750000e-02
6.791114807128906250e-03
1.546263694763183594e-02
9.800672531127929688e-03
5.498409271240234375e-03
3.535866737365722656e-02
6.538867950439453125e-03
9.866237640380859375e-03
8.939027786254882812e-03
8.691787719726562500e-03
7.132768630981445312e-03
9.513616561889648438e-03
7.576227188110351562e-03
8.927583694458007812e-03
8.835554122924804688e-03
8.894681930541992188e-03
8.379936218261718750e-03
9.154081344604492188e-03
7.993459701538085938e-03
7.537603378295898438e-03
7.773637771606445312e-03
7.482051849365234375e-03
7.514238357543945312e-03
8.882045745849609375e-03
7.689714431762695312e-03
7.441520690917968750e-03
7.626771926879882812e-03
5.258560180664062500e-03
8.966922760009765625e-03
7.734775543212890625e-03
7.079839706420898438e-03
8.635997772216796875e-03
8.420228958129882812e-03
7.655620574951171875e-03
7.709026336669921875e-03
8.141040802001953125e-03
8.323431015014648438e-03
8.109569549560546875e-03
8.152961730957031250e-03
8.440256118774414062e-03
7.989406585693359375e-03
7.502317428588867188e-03
7.683277130126953125e-03
7.265090942382812500e-03
7.173299789428710938e-03
7.588863372802734375e-03
7.275581359863281250e-03
7.070064544677734375e-03
7.289648056030273438e-03
7.116556167602539062e-03
7.388830184936523438e-03
8.181810379028320312e-03
7.159709930419921875e-03
7.179021835327148438e-03
8.457899093627929688e-03
7.557153701782226562e-03
7.204771041870117188e-03
7.473945617675781250e-03
7.545948028564453125e-03
7.107019424438476562e-03
7.742881774902343750e-03
