0.000000000000000000e+00
0.000000000000000000e+00
1.517273559570310226e+01
1.661984863281247726e+01
0.000000000000000000e+00
3.688177490234380684e+00
1.241583557128905113e+01
0.000000000000000000e+00
1.627890319824217613e+01
1.743247680664060795e+01
2.418319702148416184e+00
0.000000000000000000e+00
1.060014953613281108e+01
1.876116943359375000e+01
4.517114257812499645e+00
9.668292236328124289e+00
1.489599761962890589e+01
8.426288604736329901e+00
1.437794723510742578e+01
1.495293350219727024e+01
1.295769271850586257e+01
1.137864303588867365e+01
1.117641983032226882e+01
1.357298583984375462e+01
1.457980270385742649e+01
1.226526947021484837e+01
1.499602890014648970e+01
1.089318161010742791e+01
1.032437820434570952e+01
1.401818084716797586e+01
1.379079437255860086e+01
1.186467742919922586e+01
1.059017486572266264e+01
1.250111999511719318e+01
1.360588607788086435e+01
1.255601959228516051e+01
1.246627273559570703e+01
1.169598770141601918e+01
1.157555770874023793e+01
1.179455413818359588e+01
1.230975799560546946e+01
1.232244415283203054e+01
1.175721435546874893e+01
1.156574478149413920e+01
1.190982666015624858e+01
1.156313323974609197e+01
1.179881439208984162e+01
1.218821258544921626e+01
1.164950103759765376e+01
1.200033111572265376e+01
1.222913360595702947e+01
1.185863800048827876e+01
1.205662765502929368e+01
1.212604980468749716e+01
1.202189254760741832e+01
1.206414642333984055e+01
1.204183273315429403e+01
1.204073486328124787e+01
1.212837295532226278e+01
1.208610916137694957e+01
1.201892929077148153e+01
1.203540649414062180e+01
1.213183975219726207e+01
1.211518630981444922e+01
1.201405258178710511e+01
1.211939392089843359e+01
1.210274505615234020e+01
1.202787780761718395e+01
1.209730529785155895e+01
1.208649826049804332e+01
1.209195556640624680e+01
1.202596740722655966e+01
1.197767028808593537e+01
1.203683624267577912e+01
1.203608474731445099e+01
1.203808288574218466e+01
1.201666336059570028e+01
1.201869659423827841e+01
1.203614120483398153e+01
1.204151916503905895e+01
1.201027221679687074e+01
1.201666870117187003e+01
1.203202362060546449e+01
1.200938949584960547e+01
1.201637268066405895e+01
1.204922866821288707e+01
1.201811676025390341e+01
1.201692733764648224e+01
1.203677520751952912e+01
1.202383117675780966e+01
1.205390167236327770e+01
1.204871368408202770e+01
1.204139022827148153e+01
1.203052291870116974e+01
1.202386856079101385e+01
1.204019165039062322e+01
1.204365539550781072e+01
1.202978668212890412e+01
1.204123611450195064e+01
1.203416137695312216e+01
1.202648849487304439e+01
1.203694305419921662e+01
1.204221725463867010e+01
1.204020385742187393e+01
1.203888931274413920e+01
1.202527999877929510e+01
1.203042068481445170e+01
1.203320541381835795e+01
1.203187026977538920e+01
1.203099746704101491e+01
1.203061218261718679e+01
1.202928085327148366e+01
1.202841491699218679e+01
1.202790069580078125e+01
1.203828506469726634e+01
1.202957763671875036e+01
1.204505538940429688e+01
1.203495788574218750e+01
1.203460693359375000e+01
