9.841793823242187500e+01
9.841793823242187500e+01
9.270385742187500000e+01
8.642132568359375000e+01
8.642132568359375000e+01
8.417821502685546875e+01
7.910505676269531250e+01
7.910505676269531250e+01
7.408007812500000000e+01
6.931894683837890625e+01
6.903569030761718750e+01
6.903569030761718750e+01
6.593386840820312500e+01
6.127055358886718750e+01
6.127055358886718750e+01
5.991923141479492188e+01
5.760285186767578125e+01
5.760285186767578125e+01
5.623479461669921875e+01
5.525326538085937500e+01
5.525326538085937500e+01
5.588536453247070312e+01
5.661572647094726562e+01
5.673357009887695312e+01
5.673357009887695312e+01
5.747552490234375000e+01
5.747552490234375000e+01
5.862746047973632812e+01
5.970223999023437500e+01
5.959976196289062500e+01
5.959976196289062500e+01
6.010130310058593750e+01
6.079101943969726562e+01
6.079101943969726562e+01
6.047527694702148438e+01
6.047717285156250000e+01
6.047717285156250000e+01
6.064588546752929688e+01
6.077023315429687500e+01
6.077023315429687500e+01
6.060292053222656250e+01
6.044411849975585938e+01
6.044411849975585938e+01
6.046977996826171875e+01
6.037951660156250000e+01
6.037951660156250000e+01
6.030162048339843750e+01
6.013076782226562500e+01
6.013076782226562500e+01
6.003652191162109375e+01
5.990681076049804688e+01
5.990681076049804688e+01
5.986197280883789062e+01
5.981789016723632812e+01
5.981997299194335938e+01
5.981997299194335938e+01
5.983455276489257812e+01
5.985403442382812500e+01
5.985403442382812500e+01
5.987189865112304688e+01
5.990849685668945312e+01
5.993640136718750000e+01
5.993640136718750000e+01
5.994374465942382812e+01
5.997734832763671875e+01
5.997734832763671875e+01
5.998264312744140625e+01
6.000619888305664062e+01
6.000619888305664062e+01
6.000859069824218750e+01
6.000859069824218750e+01
6.002465820312500000e+01
6.004755020141601562e+01
6.004755020141601562e+01
6.004536056518554688e+01
6.004095077514648438e+01
6.004095077514648438e+01
6.003839492797851562e+01
6.003019714355468750e+01
6.002119445800781250e+01
6.002119445800781250e+01
6.001853561401367188e+01
6.001177597045898438e+01
6.001177597045898438e+01
6.000944137573242188e+01
5.999900436401367188e+01
5.999900436401367188e+01
5.999935150146484375e+01
5.999468231201171875e+01
5.999468231201171875e+01
5.998743057250976562e+01
5.998391723632812500e+01
5.998391723632812500e+01
5.998743820190429688e+01
5.999237060546875000e+01
5.999237060546875000e+01
5.999188613891601562e+01
5.999539566040039062e+01
5.999539566040039062e+01
5.999739456176757812e+01
6.000094223022460938e+01
6.000094223022460938e+01
5.999957656860351562e+01
5.999907684326171875e+01
5.999907684326171875e+01
6.000252532958984375e+01
6.000370025634765625e+01
6.000370025634765625e+01
6.000384902954101562e+01
6.000398635864257812e+01
6.000398635864257812e+01
6.000411987304687500e+01
6.000423049926757812e+01
6.000423049926757812e+01
6.000142288208007812e+01
6.000142288208007812e+01
5.999748229980468750e+01
5.999717712402343750e+01
5.999717712402343750e+01
