6.404495239257812500e-02
1.079385995864868164e+00
2.095562219619750977e+00
3.111937761306762695e+00
4.142630100250244141e+00
5.159505605697631836e+00
6.178321361541748047e+00
7.196045637130737305e+00
8.213062286376953125e+00
9.265469551086425781e+00
1.028463816642761230e+01
1.130142641067504883e+01
1.232334446907043457e+01
1.333745336532592773e+01
1.438707327842712402e+01
1.540143966674804688e+01
1.641637325286865234e+01
1.743736529350280762e+01
1.845358991622924805e+01
1.949883294105529785e+01
2.052344465255737305e+01
2.154165315628051758e+01
2.256354999542236328e+01
2.358544898033142090e+01
2.460054492950439453e+01
2.562003469467163086e+01
2.664092898368835449e+01
2.765541505813598633e+01
2.867153859138488770e+01
2.969512891769409180e+01
3.071260619163513184e+01
3.172796249389648438e+01
3.276083922386169434e+01
3.377932643890380859e+01
3.479644799232482910e+01
3.581549978256225586e+01
3.683293914794921875e+01
3.785374498367309570e+01
3.887056493759155273e+01
3.988847851753234863e+01
4.090274047851562500e+01
4.192941689491271973e+01
4.294655108451843262e+01
4.396177172660827637e+01
4.497756218910217285e+01
4.599658489227294922e+01
4.701885342597961426e+01
4.803372359275817871e+01
4.905052089691162109e+01
5.006512260437011719e+01
5.108167290687561035e+01
5.210011219978332520e+01
5.311601209640502930e+01
5.413153767585754395e+01
5.518979930877685547e+01
5.620317554473876953e+01
5.721794605255126953e+01
5.823491597175598145e+01
5.925565099716186523e+01
6.034045076370239258e+01
6.135677504539489746e+01
6.237925910949707031e+01
6.339980697631835938e+01
6.447073435783386230e+01
6.548886799812316895e+01
6.650965571403503418e+01
6.752509498596191406e+01
6.854192805290222168e+01
6.961154460906982422e+01
7.062658572196960449e+01
7.165338754653930664e+01
7.266887521743774414e+01
7.368501281738281250e+01
7.473172092437744141e+01
7.575216126441955566e+01
7.677398872375488281e+01
7.779248833656311035e+01
7.880991005897521973e+01
7.982591247558593750e+01
8.086854815483093262e+01
8.189167332649230957e+01
8.291697764396667480e+01
8.393507432937622070e+01
8.495577526092529297e+01
8.597081232070922852e+01
8.698826646804809570e+01
8.800385880470275879e+01
8.902843666076660156e+01
9.004506444931030273e+01
9.106036663055419922e+01
9.211752605438232422e+01
9.313402295112609863e+01
9.415455937385559082e+01
9.517684841156005859e+01
9.619170904159545898e+01
9.721209883689880371e+01
9.823069643974304199e+01
9.924657297134399414e+01
1.002669837474822998e+02
1.012847306728363037e+02
1.023010408878326416e+02
1.033161578178405762e+02
1.043945379257202148e+02
1.054108688831329346e+02
1.064271214008331299e+02
1.074437532424926758e+02
1.084602115154266357e+02
1.095313386917114258e+02
1.105513346195220947e+02
1.115653836727142334e+02
1.125909855365753174e+02
1.136066420078277588e+02
1.146716043949127197e+02
1.156922879219055176e+02
1.167101802825927734e+02
1.177262220382690430e+02
1.187405903339385986e+02
1.198117890357971191e+02
1.208265013694763184e+02
1.218411853313446045e+02
1.228558094501495361e+02
1.238810119628906250e+02
1.249275827407836914e+02
1.259456036090850830e+02
1.269614481925964355e+02
1.279797656536102295e+02
1.290015728473663330e+02
1.300199143886566162e+02
1.310389826297760010e+02
1.320551650524139404e+02
1.330711641311645508e+02
1.340894937515258789e+02
1.351050643920898438e+02
