1.408839225769042969e-02
8.736848831176757812e-03
8.573770523071289062e-03
8.628368377685546875e-03
8.478641510009765625e-03
8.861064910888671875e-03
1.234793663024902344e-02
8.745908737182617188e-03
9.054660797119140625e-03
4.361176490783691406e-02
8.786439895629882812e-03
8.790016174316406250e-03
1.317906379699707031e-02
5.589008331298828125e-03
4.462552070617675781e-02
7.761001586914062500e-03
6.157875061035156250e-03
8.733749389648437500e-03
8.265972137451171875e-03
3.502941131591796875e-02
8.709669113159179688e-03
1.048040390014648438e-02
1.492238044738769531e-02
8.746385574340820312e-03
7.328748703002929688e-03
1.160764694213867188e-02
8.599281311035156250e-03
6.594181060791015625e-03
9.663820266723632812e-03
8.588075637817382812e-03
9.991168975830078125e-03
8.714675903320312500e-03
8.569240570068359375e-03
1.066970825195312500e-02
9.390115737915039062e-03
8.691549301147460938e-03
1.001596450805664062e-02
1.353049278259277344e-02
8.624553680419921875e-03
1.031565666198730469e-02
7.886648178100585938e-03
8.566617965698242188e-03
9.360790252685546875e-03
7.744073867797851562e-03
8.629798889160156250e-03
1.123571395874023438e-02
1.607990264892578125e-02
8.599758148193359375e-03
8.940935134887695312e-03
7.957935333251953125e-03
8.516788482666015625e-03
1.060152053833007812e-02
9.158372879028320312e-03
8.048534393310546875e-03
1.221442222595214844e-02
6.828308105468750000e-03
7.808446884155273438e-03
1.024699211120605469e-02
1.357412338256835938e-02
8.443117141723632812e-03
8.476018905639648438e-03
1.455068588256835938e-02
8.460998535156250000e-03
6.298875808715820312e-02
9.946823120117187500e-03
8.541822433471679688e-03
8.633852005004882812e-03
8.910179138183593750e-03
5.485820770263671875e-02
8.489370346069335938e-03
1.959133148193359375e-02
8.316993713378906250e-03
8.660554885864257812e-03
3.889608383178710938e-02
1.291632652282714844e-02
8.697986602783203125e-03
1.065230369567871094e-02
1.024985313415527344e-02
9.148120880126953125e-03
9.925127029418945312e-03
1.645731925964355469e-02
8.418560028076171875e-03
1.036000251770019531e-02
1.279115676879882812e-02
8.602857589721679688e-03
9.886264801025390625e-03
8.085966110229492188e-03
8.739233016967773438e-03
8.817434310913085938e-03
7.560253143310546875e-03
4.002737998962402344e-02
8.792877197265625000e-03
1.253247261047363281e-02
8.952856063842773438e-03
8.787155151367187500e-03
1.255226135253906250e-02
9.704113006591796875e-03
8.600473403930664062e-03
1.403641700744628906e-02
8.574724197387695312e-03
8.622407913208007812e-03
7.180929183959960938e-03
6.834053993225097656e-02
8.732080459594726562e-03
8.664846420288085938e-03
8.605003356933593750e-03
8.580207824707031250e-03
6.274986267089843750e-02
9.805440902709960938e-03
8.423805236816406250e-03
1.769232749938964844e-02
6.573438644409179688e-03
5.777573585510253906e-02
1.414418220520019531e-02
1.254272460937500000e-02
8.470773696899414062e-03
6.937980651855468750e-03
6.522059440612792969e-02
8.500576019287109375e-03
6.906270980834960938e-03
7.982254028320312500e-03
8.327960968017578125e-03
3.814601898193359375e-02
1.064753532409667969e-02
8.441448211669921875e-03
1.033329963684082031e-02
1.549267768859863281e-02
8.349180221557617188e-03
1.144957542419433594e-02
8.794307708740234375e-03
8.935689926147460938e-03
9.882211685180664062e-03
9.334325790405273438e-03
