6.395578384399414062e-03
7.221698760986328125e-03
7.431268692016601562e-03
2.195096015930175781e-02
7.535934448242187500e-03
6.168842315673828125e-03
8.565664291381835938e-03
7.594585418701171875e-03
8.422374725341796875e-03
1.005506515502929688e-02
7.594347000122070312e-03
8.432626724243164062e-03
8.235454559326171875e-03
4.716873168945312500e-03
6.220340728759765625e-03
8.469104766845703125e-03
1.190233230590820312e-02
7.648229598999023438e-03
9.906768798828125000e-03
1.558113098144531250e-02
7.253408432006835938e-03
6.661891937255859375e-03
1.284170150756835938e-02
7.469177246093750000e-03
7.624864578247070312e-03
1.174855232238769531e-02
7.603883743286132812e-03
6.137847900390625000e-03
1.470708847045898438e-02
7.185459136962890625e-03
6.087064743041992188e-03
2.398586273193359375e-02
7.523775100708007812e-03
7.400989532470703125e-03
1.003694534301757812e-02
7.137775421142578125e-03
6.947994232177734375e-03
7.866144180297851562e-03
7.311344146728515625e-03
6.045579910278320312e-03
1.777124404907226562e-02
7.452726364135742188e-03
7.151365280151367188e-03
6.872415542602539062e-03
7.505893707275390625e-03
5.824565887451171875e-03
5.957841873168945312e-03
7.527112960815429688e-03
6.324052810668945312e-03
7.280111312866210938e-03
7.488727569580078125e-03
6.382942199707031250e-03
7.148027420043945312e-03
4.570221900939941406e-02
6.144285202026367188e-03
6.650447845458984375e-03
6.429910659790039062e-03
6.859779357910156250e-03
7.603263854980468750e-02
7.397651672363281250e-03
7.629156112670898438e-03
1.179742813110351562e-02
7.629394531250000000e-03
7.889270782470703125e-03
1.196217536926269531e-02
6.482839584350585938e-03
7.583856582641601562e-03
1.446557044982910156e-02
6.268501281738281250e-03
6.878614425659179688e-03
6.871223449707031250e-03
7.182836532592773438e-03
7.352352142333984375e-03
7.193565368652343750e-03
1.254105567932128906e-02
7.556438446044921875e-03
6.874799728393554688e-03
6.585836410522460938e-03
3.243637084960937500e-02
6.385087966918945312e-03
1.658606529235839844e-02
7.440567016601562500e-03
7.608413696289062500e-03
6.080865859985351562e-03
7.248401641845703125e-03
7.224321365356445312e-03
1.555156707763671875e-02
7.428646087646484375e-03
7.437705993652343750e-03
1.684379577636718750e-02
7.390975952148437500e-03
7.621765136718750000e-03
1.290512084960937500e-02
5.672454833984375000e-03
7.539749145507812500e-03
8.572101593017578125e-03
6.965398788452148438e-03
6.059646606445312500e-03
8.861541748046875000e-03
7.354974746704101562e-03
7.387876510620117188e-03
9.729146957397460938e-03
7.282495498657226562e-03
7.281541824340820312e-03
7.721185684204101562e-03
7.564306259155273438e-03
8.077383041381835938e-03
9.845733642578125000e-03
5.311727523803710938e-03
7.561206817626953125e-03
8.776426315307617188e-03
6.839990615844726562e-03
6.214380264282226562e-03
4.792451858520507812e-03
7.306814193725585938e-03
7.116794586181640625e-03
5.687236785888671875e-03
5.868673324584960938e-03
7.464885711669921875e-03
6.062746047973632812e-03
1.654934883117675781e-02
8.098602294921875000e-03
7.055997848510742188e-03
6.839752197265625000e-03
7.652282714843750000e-03
6.026029586791992188e-03
9.658813476562500000e-03
7.335186004638671875e-03
7.116794586181640625e-03
6.571769714355468750e-03
8.143663406372070312e-03
5.786895751953125000e-03
6.108999252319335938e-03
