2.000000000000000000e+01
0.000000000000000000e+00
1.199978738470235839e+01
2.000000000000000000e+01
1.577418489969568327e+01
2.000000000000000000e+01
1.063119382858275230e+01
2.000000000000000000e+01
5.108344078063964844e+00
6.817956924438476562e+00
2.000000000000000000e+01
2.000000000000000000e+01
1.067706451416015057e+01
2.000000000000000000e+01
5.591347503662120744e+00
7.287020874023454553e+00
2.000000000000000000e+01
2.000000000000000000e+01
9.025676727294921875e+00
2.000000000000000000e+01
6.830736541748052559e+00
6.674490356445318184e+00
2.000000000000000000e+01
2.000000000000000000e+01
7.655092620849615059e+00
1.914510345458985086e+01
6.971509552001961652e+00
6.329191589355477987e+00
1.525567016601563353e+01
1.953388290405274219e+01
1.318116302490235192e+01
1.616175918579102344e+01
6.023516082763681112e+00
6.690793609619149152e+00
1.114292373657227486e+01
1.758071060180665057e+01
1.463897933959961861e+01
1.248933105468750782e+01
5.738036346435554158e+00
9.299459838867193184e+00
9.442858886718756395e+00
1.689107513427735086e+01
1.623946990966797443e+01
1.228232955932617898e+01
5.886754608154305402e+00
9.217076873779305402e+00
1.746296310424805398e+01
1.198565521240235121e+01
7.330933380126960941e+00
9.498663330078132461e+00
1.028220596313477309e+01
1.333606185913086684e+01
1.366612472534180434e+01
1.169537506103516478e+01
1.006744461059571094e+01
1.111381072998047692e+01
1.134590911865235263e+01
1.245000152587891584e+01
1.279709472656250924e+01
1.209891891479493253e+01
1.121392593383790270e+01
1.171865615844727770e+01
1.201917572021485547e+01
1.238361434936524574e+01
1.220373382568360476e+01
1.229105834960938637e+01
1.201978988647462110e+01
1.188337554931641726e+01
1.225059127807618253e+01
1.233654556274415093e+01
1.206459732055665057e+01
1.228499908447266620e+01
1.217726058959961932e+01
1.194118347167969674e+01
1.219907608032227486e+01
1.221943893432618111e+01
1.201659622192383736e+01
1.214389572143555540e+01
1.214241485595703907e+01
1.200372390747071094e+01
1.207850189208985192e+01
1.210145339965821165e+01
1.205760955810547763e+01
1.201912536621094674e+01
1.201179962158204084e+01
1.200309753417969638e+01
1.202634735107422692e+01
1.204210662841797763e+01
1.202101211547852522e+01
1.198568115234376030e+01
1.200271453857422976e+01
1.197479400634766655e+01
1.204316787719727522e+01
1.206905059814454084e+01
1.200354003906250888e+01
1.201130981445313317e+01
1.203961181640625888e+01
1.204260253906250888e+01
1.202658309936524361e+01
1.201453475952149397e+01
1.203405532836915093e+01
1.203311767578126101e+01
1.203201217651368360e+01
1.203219146728516797e+01
1.203887252807618324e+01
1.203613891601563601e+01
1.203678817749024610e+01
1.204282150268555895e+01
1.204031753540040306e+01
1.202959976196290270e+01
1.204234771728516762e+01
1.203750610351563566e+01
1.202826385498048012e+01
1.203884582519532387e+01
1.204608230590821449e+01
1.204164123535157316e+01
1.204141082763672976e+01
1.202690963745118324e+01
1.202213439941407458e+01
1.203256454467774716e+01
1.203841323852540413e+01
1.203553848266602877e+01
1.203244018554688743e+01
1.203109664916993360e+01
1.203028411865235547e+01
1.203000564575196485e+01
1.202870483398438672e+01
1.202784500122071520e+01
1.202744369506837074e+01
1.203780746459962003e+01
1.204404067993165128e+01
1.203342590332032280e+01
1.201896591186524432e+01
1.202586364746094816e+01
1.202848663330079226e+01
1.203870849609376137e+01
1.203079833984376101e+01
1.204437637329102628e+01
1.203564910888673012e+01
1.202060928344727664e+01
1.203216018676758914e+01
1.204123535156251101e+01
1.203445510864258949e+01
1.203526535034180789e+01
1.203343200683594816e+01
1.203336868286133843e+01
1.203519439697266691e+01
1.203320159912110476e+01
1.203499603271485441e+01
1.203330383300782280e+01
1.203291320800782316e+01
1.203419570922852699e+01
1.203258285522462145e+01
1.203218154907227699e+01
1.203305130004883949e+01
1.203133468627930824e+01
1.203096542358399645e+01
1.203153839111329404e+01
1.203005142211915413e+01
1.202945709228517046e+01
