2.851629257202148438e-02
1.047299623489379883e+00
2.062277317047119141e+00
3.082076787948608398e+00
4.097094774246215820e+00
5.143098592758178711e+00
6.161075115203857422e+00
7.184155941009521484e+00
8.202258348464965820e+00
9.218135118484497070e+00
1.023821783065795898e+01
1.128728842735290527e+01
1.230539703369140625e+01
1.332450127601623535e+01
1.434071516990661621e+01
1.535686922073364258e+01
1.638032531738281250e+01
1.739745187759399414e+01
1.841358494758605957e+01
1.943470954895019531e+01
2.045726680755615234e+01
2.147630929946899414e+01
2.250005340576171875e+01
2.351706099510192871e+01
2.453370666503906250e+01
2.554965019226074219e+01
2.657345128059387207e+01
2.759098720550537109e+01
2.861864304542541504e+01
2.964656782150268555e+01
3.066845774650573730e+01
3.169391989707946777e+01
3.272804212570190430e+01
3.374559926986694336e+01
3.480726075172424316e+01
3.582582664489746094e+01
3.684113574028015137e+01
3.787504506111145020e+01
3.889233517646789551e+01
3.994573473930358887e+01
4.096536898612976074e+01
4.198796248435974121e+01
4.300539016723632812e+01
4.401920270919799805e+01
4.508440160751342773e+01
4.610634803771972656e+01
4.712092638015747070e+01
4.813677883148193359e+01
4.915523529052734375e+01
5.022393345832824707e+01
5.125231170654296875e+01
5.228486847877502441e+01
5.330422019958496094e+01
5.432150769233703613e+01
5.534532237052917480e+01
5.636969113349914551e+01
5.739245319366455078e+01
5.841066217422485352e+01
5.943059587478637695e+01
6.047867250442504883e+01
6.149412751197814941e+01
6.251016426086425781e+01
6.357173705101013184e+01
6.458687686920166016e+01
6.560326242446899414e+01
6.661806201934814453e+01
6.763431930541992188e+01
6.865993881225585938e+01
6.968395853042602539e+01
7.070052289962768555e+01
7.171891808509826660e+01
7.274424767494201660e+01
7.376128220558166504e+01
7.481923937797546387e+01
7.583771896362304688e+01
7.685562825202941895e+01
7.788500213623046875e+01
7.890080761909484863e+01
7.991717171669006348e+01
8.093384027481079102e+01
8.195343923568725586e+01
8.297181272506713867e+01
8.399177336692810059e+01
8.501629400253295898e+01
8.603254556655883789e+01
8.704965806007385254e+01
8.810079145431518555e+01
8.911583471298217773e+01
9.015910315513610840e+01
9.118133974075317383e+01
9.220075798034667969e+01
9.321820640563964844e+01
9.423606681823730469e+01
9.528496837615966797e+01
9.630080509185791016e+01
9.734573912620544434e+01
9.836318182945251465e+01
9.939428853988647461e+01
1.004239406585693359e+02
1.014424557685852051e+02
1.024957697391510010e+02
1.035154161453247070e+02
1.045314614772796631e+02
1.055543572902679443e+02
1.065787713527679443e+02
1.076247019767761230e+02
1.086406662464141846e+02
1.096565463542938232e+02
1.106868216991424561e+02
1.117036271095275879e+02
1.127230298519134521e+02
1.137670323848724365e+02
1.147847759723663330e+02
1.158002004623413086e+02
1.168170478343963623e+02
1.178359844684600830e+02
1.188535573482513428e+02
1.198844919204711914e+02
1.209010970592498779e+02
1.219176673889160156e+02
1.229327778816223145e+02
1.239575800895690918e+02
1.249780712127685547e+02
1.259933681488037109e+02
1.270192885398864746e+02
1.280606205463409424e+02
1.290750119686126709e+02
1.300928697586059570e+02
1.311109652519226074e+02
1.321269221305847168e+02
1.331625733375549316e+02
1.341797156333923340e+02
1.352133927345275879e+02
1.362375442981719971e+02
1.372603216171264648e+02
1.382788593769073486e+02
1.392940878868103027e+02
1.403467018604278564e+02
1.413630788326263428e+02
1.423890485763549805e+02
1.434089622497558594e+02
1.444257707595825195e+02
1.454871740341186523e+02
1.465037949085235596e+02
1.475496377944946289e+02
1.485687692165374756e+02
1.495875003337860107e+02
1.506355257034301758e+02
1.516514539718627930e+02
1.526857960224151611e+02
1.537036812305450439e+02
1.547258794307708740e+02
1.557470180988311768e+02
1.567597622871398926e+02
1.577833974361419678e+02
1.588298974037170410e+02
1.598480052947998047e+02
1.608941051959991455e+02
1.619098680019378662e+02
1.629325304031372070e+02
