1.695561408996582031e-02
1.103973388671875000e-02
7.860183715820312500e-03
1.176309585571289062e-02
7.425308227539062500e-03
1.966595649719238281e-02
1.032829284667968750e-02
1.589894294738769531e-02
8.391618728637695312e-03
8.332490921020507812e-03
1.303362846374511719e-02
8.393287658691406250e-03
1.035594940185546875e-02
1.278495788574218750e-02
8.430242538452148438e-03
8.347272872924804688e-03
1.676726341247558594e-02
8.473634719848632812e-03
8.417606353759765625e-03
1.373171806335449219e-02
8.514404296875000000e-03
1.108694076538085938e-02
1.698803901672363281e-02
8.656978607177734375e-03
8.911371231079101562e-03
9.295463562011718750e-03
9.172916412353515625e-03
9.739875793457031250e-03
2.102732658386230469e-02
8.318901062011718750e-03
1.478886604309082031e-02
7.959127426147460938e-03
8.753061294555664062e-03
9.853601455688476562e-03
5.229592323303222656e-02
7.718324661254882812e-03
8.493661880493164062e-03
2.694249153137207031e-02
8.261919021606445312e-03
4.539871215820312500e-02
9.309053421020507812e-03
5.650520324707031250e-03
1.250720024108886719e-02
7.835149765014648438e-03
5.803251266479492188e-02
1.109313964843750000e-02
7.557392120361328125e-03
8.565425872802734375e-03
1.075053215026855469e-02
6.226801872253417969e-02
9.377717971801757812e-03
2.637982368469238281e-02
1.325201988220214844e-02
8.728027343750000000e-03
1.712608337402343750e-02
1.427555084228515625e-02
8.351325988769531250e-03
1.063489913940429688e-02
1.041293144226074219e-02
3.811407089233398438e-02
9.690999984741210938e-03
7.266998291015625000e-03
8.463144302368164062e-03
8.597850799560546875e-03
8.932113647460937500e-03
8.229732513427734375e-03
8.499383926391601562e-03
1.948165893554687500e-02
8.797407150268554688e-03
1.023268699645996094e-02
1.142144203186035156e-02
8.565902709960937500e-03
9.347200393676757812e-03
5.200242996215820312e-02
8.507966995239257812e-03
1.018571853637695312e-02
2.219891548156738281e-02
8.475065231323242188e-03
9.957313537597656250e-03
9.562492370605468750e-03
8.352041244506835938e-03
1.063942909240722656e-02
1.369738578796386719e-02
8.428573608398437500e-03
8.508443832397460938e-03
9.372472763061523438e-03
8.542537689208984375e-03
7.231473922729492188e-03
3.770995140075683594e-02
8.408308029174804688e-03
1.174974441528320312e-02
9.262084960937500000e-03
7.596492767333984375e-03
4.180693626403808594e-02
6.797313690185546875e-03
2.660489082336425781e-02
1.000833511352539062e-02
2.215409278869628906e-02
9.640216827392578125e-03
1.092910766601562500e-02
4.678893089294433594e-02
8.194923400878906250e-03
8.457899093627929688e-03
1.536703109741210938e-02
8.368968963623046875e-03
3.947329521179199219e-02
8.312940597534179688e-03
8.400678634643554688e-03
2.260231971740722656e-02
1.086688041687011719e-02
7.737636566162109375e-03
8.727550506591796875e-03
1.050877571105957031e-02
8.805036544799804688e-03
8.761167526245117188e-03
1.303768157958984375e-02
8.439540863037109375e-03
2.336311340332031250e-02
8.918046951293945312e-03
8.689403533935546875e-03
8.911609649658203125e-03
1.909470558166503906e-02
8.935689926147460938e-03
8.692026138305664062e-03
1.960730552673339844e-02
2.482008934020996094e-02
6.909132003784179688e-03
1.279354095458984375e-02
8.500814437866210938e-03
8.603572845458984375e-03
2.876806259155273438e-02
8.393287658691406250e-03
2.600550651550292969e-02
1.611828804016113281e-02
8.669137954711914062e-03
1.037693023681640625e-02
7.722854614257812500e-03
4.254627227783203125e-02
1.104092597961425781e-02
1.699638366699218750e-02
8.324623107910156250e-03
9.721517562866210938e-03
5.331945419311523438e-02
8.440971374511718750e-03
3.807640075683593750e-02
1.265621185302734375e-02
8.687734603881835938e-03
4.169988632202148438e-02
9.682416915893554688e-03
2.126002311706542969e-02
1.043820381164550781e-02
1.452445983886718750e-02
8.270263671875000000e-03
6.613969802856445312e-03
1.665568351745605469e-02
7.730007171630859375e-03
1.060581207275390625e-02
4.004955291748046875e-02
8.188962936401367188e-03
1.517868041992187500e-02
