2.000000000000000000e+01
0.000000000000000000e+00
4.160291657338149207e+00
8.771764098433690648e+00
6.737452413997475631e+00
1.676636710875804326e+01
2.000000000000000000e+01
2.000000000000000000e+01
2.000000000000000000e+01
1.424317909356416223e+01
2.000000000000000000e+01
1.749491069743066163e+01
2.000000000000000000e+01
1.775642935902086705e+01
2.000000000000000000e+01
1.457500293082713050e+01
2.000000000000000000e+01
2.000000000000000000e+01
1.524412755657196428e+01
2.000000000000000000e+01
1.764596652697331791e+01
2.000000000000000000e+01
1.640770647724695408e+01
1.797333847468882340e+01
2.000000000000000000e+01
1.646898792245250931e+01
2.000000000000000000e+01
1.921333709160110104e+01
2.000000000000000000e+01
1.739650195437502234e+01
1.819758205519096705e+01
2.000000000000000000e+01
1.835276257904418529e+01
2.000000000000000000e+01
1.750462569887978859e+01
2.000000000000000000e+01
1.669352659322149890e+01
1.816707686630336838e+01
2.000000000000000000e+01
1.741764021932370810e+01
2.000000000000000000e+01
1.781008854109052564e+01
2.000000000000000000e+01
1.707576433104237879e+01
1.799959290271892698e+01
2.000000000000000000e+01
1.688334020168066729e+01
2.000000000000000000e+01
1.852469572012840970e+01
1.614212193542992679e+01
1.988614420799675031e+01
1.763252742779657112e+01
1.962737624315603568e+01
1.782396891307287135e+01
1.633794072191059144e+01
1.874692962301343258e+01
1.728335021536403460e+01
1.808931519157732737e+01
1.575351855364031550e+01
1.579539054094290407e+01
1.663913609378213820e+01
1.512830931015995439e+01
1.560403174453361430e+01
1.498780411112964828e+01
1.459117867497946897e+01
1.408043172581830049e+01
1.356343708582422458e+01
1.303938207040674335e+01
1.298018100411326969e+01
1.203352532672069586e+01
1.328775851521868034e+01
1.121476865127694644e+01
1.206686645689013737e+01
1.045131683334917128e+01
1.183107431680578259e+01
1.288038361444247570e+01
9.875947576872775358e+00
1.161538612127115755e+01
9.634109903320510426e+00
1.260607125056056610e+01
9.685038156241866147e+00
1.311463709740999484e+01
1.213367448270791016e+01
1.038964076573580897e+01
1.363797568637848734e+01
1.110620306304730676e+01
1.414528384964575380e+01
1.542275170997747047e+01
1.288909325034592435e+01
1.559563823424407403e+01
1.424579435055910182e+01
1.619583971547831780e+01
1.671645672853801656e+01
1.651282920517326858e+01
1.770128741092466740e+01
1.805952498477526902e+01
1.764595707677585068e+01
1.945733225928618637e+01
1.975499319348167404e+01
1.870635350576268863e+01
2.000000000000000000e+01
1.907294694385737088e+01
2.000000000000000000e+01
1.833472066792067068e+01
1.936725679136198153e+01
2.000000000000000000e+01
1.758641586108074861e+01
2.000000000000000000e+01
1.886043854090020488e+01
1.903460578694077654e+01
2.000000000000000000e+01
1.814217550002531354e+01
2.000000000000000000e+01
1.783434454428454785e+01
1.810445362690142446e+01
1.981748448419154585e+01
1.830708957585784091e+01
1.961641460072125653e+01
1.831215137518618974e+01
1.797864372382806053e+01
1.904298472203212000e+01
1.741177190599639601e+01
1.852299773971182972e+01
1.708364680738450403e+01
1.634748059188681424e+01
1.742362021111673442e+01
1.648049337787553625e+01
1.665869027662047586e+01
1.580981759922173246e+01
1.525478429335098340e+01
1.537065455892107835e+01
1.446694876306801802e+01
1.444725481692040070e+01
1.422679286601926307e+01
1.403587350286348645e+01
1.316749569589591928e+01
1.320111562257938687e+01
1.233653873491636865e+01
1.297667920967357524e+01
1.340806175184968119e+01
1.144051432558968884e+01
1.293336651576173857e+01
1.100346090869781968e+01
1.319887848971185207e+01
1.315880116467525518e+01
1.091912400725376919e+01
1.286441726634607186e+01
1.099721255901087069e+01
1.488156496156443787e+01
1.333985340691790533e+01
1.187690266946294670e+01
1.533920411428317365e+01
1.368962747884006426e+01
1.320318297757098946e+01
1.666519401943757472e+01
1.437314889658344441e+01
1.603493971855507638e+01
1.699843724537418765e+01
1.631732441665248956e+01
1.709475442509289067e+01
1.760117455080227344e+01
1.781322967113517208e+01
1.884476765590503078e+01
1.920008069936214667e+01
1.838535858054323313e+01
2.000000000000000000e+01
1.888502031090146360e+01
1.941421300190589605e+01
2.000000000000000000e+01
1.881568465986430994e+01
2.000000000000000000e+01
1.823292677169946785e+01
1.958488703754374427e+01
2.000000000000000000e+01
1.738879970744539349e+01
2.000000000000000000e+01
1.758355321411821848e+01
1.885916013724570561e+01
1.992563040443600642e+01
1.832283156568880855e+01
1.791704698536351970e+01
1.950951121619247175e+01
1.817260718621165339e+01
1.915015490533776088e+01
1.740954542526678850e+01
1.755046175123226959e+01
1.828044402313409122e+01
1.681432482987746724e+01
1.760343439988216474e+01
1.644951505266923419e+01
1.614881781327297716e+01
1.641748344352614453e+01
1.519920058038246324e+01
1.553578480311894339e+01
1.487035295725761763e+01
1.417282229278800365e+01
1.413838890843497964e+01
1.449889779903796061e+01
1.330537593214472381e+01
1.369652472012376165e+01
1.359824265950596534e+01
1.224229717921416416e+01
1.306183628377025485e+01
1.162182095903532009e+01
1.285202842715583138e+01
1.112549096174934604e+01
1.304154492589925241e+01
1.331430163116819010e+01
1.094471245856721531e+01
1.413283035630141882e+01
1.334427785241618025e+01
1.144995424084948432e+01
1.525524061468670034e+01
1.212280873968168393e+01
1.413204838774987593e+01
1.531800645818154294e+01
1.348257104954839569e+01
1.685858526493475296e+01
1.585171619979788460e+01
1.540440460999443495e+01
1.700311055395869531e+01
1.671388713461112019e+01
1.749971639250100353e+01
1.758118180857414004e+01
1.861629839749019766e+01
1.882896565217111728e+01
1.986271879758103509e+01
1.950361280851138446e+01
1.904492752514817866e+01
2.000000000000000000e+01
1.802877965292360329e+01
2.000000000000000000e+01
1.906572766171667865e+01
1.827422403479815571e+01
2.000000000000000000e+01
1.909879858784895745e+01
2.000000000000000000e+01
1.776301194080106072e+01
1.863553218522956101e+01
2.000000000000000000e+01
1.844232365643108906e+01
1.999477689544529468e+01
1.801633642514056888e+01
1.856679537596159690e+01
1.960872907042787716e+01
1.730382666248978296e+01
1.915029919733287755e+01
1.823931717359625893e+01
1.870871460217366433e+01
1.680669787118523217e+01
1.723411763537734487e+01
1.768611175208151920e+01
1.629605102709093956e+01
1.692147584261351057e+01
1.536627325015289713e+01
1.568173587445876649e+01
1.557163132477612422e+01
1.454534108017634253e+01
1.462156907414798468e+01
1.427062389443275237e+01
1.393311675371927016e+01
1.325457652815842025e+01
1.373622011580002500e+01
1.243554620393545562e+01
1.259097845009444860e+01
1.378555048168941610e+01
1.148129224554779526e+01
1.234973840724025429e+01
1.093752182744065493e+01
1.307728156809679732e+01
1.274605611929801618e+01
1.069795424951435159e+01
1.282846953088411368e+01
1.070649495532449613e+01
1.386793176737028688e+01
1.444455895150268532e+01
1.154988348096545536e+01
1.432453768838630559e+01
1.229481085460585632e+01
1.383735872344870188e+01
1.713110905295522812e+01
1.397201663584615972e+01
1.666589006148871732e+01
1.531864899034716387e+01
1.754911735089842750e+01
1.736715761844234507e+01
1.755594885606138433e+01
1.798583290211959351e+01
1.897287376880508702e+01
1.896599352103120495e+01
1.917496296237725772e+01
2.000000000000000000e+01
1.823024484956769342e+01
2.000000000000000000e+01
1.874051274460900629e+01
2.000000000000000000e+01
1.801480592732067976e+01
1.784615510347989442e+01
2.000000000000000000e+01
1.910340697331795567e+01
2.000000000000000000e+01
1.815964762543364941e+01
1.921824903957950426e+01
2.000000000000000000e+01
1.796390424034289168e+01
2.000000000000000000e+01
1.853779055026019762e+01
1.993219804919990779e+01
1.855751684097703702e+01
1.840119030646293652e+01
1.954269223273697165e+01
1.771762823151240696e+01
1.801991006997578992e+01
1.880240779588419997e+01
1.701361957948552117e+01
1.817121335391499315e+01
1.680592317988545048e+01
1.627094777523614511e+01
1.697923301339908519e+01
1.588468762399170053e+01
1.612612437904808971e+01
1.523611320510292089e+01
1.463864795423515552e+01
1.470855749114061339e+01
1.435437174450070330e+01
1.377644629515208763e+01
1.389302136684375455e+01
1.384868807818657466e+01
1.256102241370709116e+01
1.284743365410384186e+01
1.178437471484626009e+01
1.244897089659278322e+01
1.387953977989714893e+01
1.108134775904771097e+01
1.315302839085746456e+01
1.083711532589097537e+01
1.264730678716060375e+01
1.363476216720252232e+01
1.098782636246588673e+01
1.449840711352689659e+01
1.144162100328510512e+01
1.384039883516670599e+01
1.200423189393627865e+01
1.521277756592091812e+01
1.533961546305045331e+01
1.352754884423178616e+01
1.638259793421408261e+01
1.473853255674748119e+01
1.687521678673064685e+01
1.663186008228993629e+01
1.675321306027905877e+01
1.740224485733293847e+01
1.805663755333188902e+01
1.813866818018868443e+01
1.844711334587785956e+01
1.985208141385709979e+01
1.947782486652610956e+01
2.000000000000000000e+01
1.763913311494125224e+01
1.887233175125938800e+01
2.000000000000000000e+01
1.850852500109157006e+01
2.000000000000000000e+01
1.872981511675032351e+01
2.000000000000000000e+01
1.777271648220221678e+01
1.906191340208812690e+01
2.000000000000000000e+01
1.770511385321310627e+01
1.996969959044743703e+01
1.887386992718506562e+01
1.766560842716178925e+01
1.962833010912058640e+01
1.830520765944650208e+01
1.930639360169188379e+01
1.758142089933573260e+01
1.762256689442960678e+01
1.848098551879407481e+01
1.690735012817128435e+01
1.685742785452890757e+01
1.738718594242629933e+01
1.608887694240966226e+01
1.657651454321911544e+01
1.571189949511302508e+01
1.573709886799436575e+01
1.449124606640745938e+01
1.455690433490654989e+01
1.430217074211365791e+01
1.418629798818787791e+01
1.340199646966040348e+01
1.341007101676716928e+01
1.359659305640167659e+01
1.220761230642281880e+01
1.274465568055458853e+01
1.148135491443477463e+01
1.325984387765721806e+01
1.329640819313945066e+01
1.096894264370631333e+01
1.410480704501826388e+01
1.094860431039036541e+01
1.275318191942779222e+01
1.098740161655143410e+01
1.418144016079225267e+01
1.491892328946544310e+01
1.191980858120722786e+01
1.446497864140741996e+01
1.269061090871473496e+01
1.481080826909916226e+01
1.638875667194666619e+01
1.435998707149172304e+01
1.645798696899522540e+01
1.560953772995850208e+01
1.634496926330789890e+01
1.709884827043422817e+01
1.745327271650907974e+01
1.793335316840568794e+01
1.868972922760368505e+01
1.803025153784879819e+01
1.837101255303604930e+01
2.000000000000000000e+01
1.914056886526362788e+01
2.000000000000000000e+01
1.787360038622947656e+01
1.956100979723080968e+01
2.000000000000000000e+01
1.794705567555121561e+01
2.000000000000000000e+01
1.920214623811634880e+01
2.000000000000000000e+01
1.826742076064747167e+01
1.839534311887483398e+01
2.000000000000000000e+01
1.792173398145035534e+01
1.988715601350080675e+01
1.862959533102572607e+01
1.972937691142124450e+01
1.881194884950638624e+01
1.718380119365032144e+01
1.913716108226558532e+01
1.798123977826631403e+01
1.866149941317742034e+01
1.711332085268646352e+01
1.805980813585775024e+01
1.622142135466508250e+01
1.635098424389705229e+01
1.683757623953056282e+01
1.562359622336845888e+01
1.596598180086531826e+01
1.518763791469931057e+01
1.459904634932957990e+01
1.456507838974151703e+01
1.421409964133899351e+01
1.363858589571900559e+01
1.363914764558417048e+01
1.274724063120796380e+01
1.335266556311665909e+01
1.290736907207376305e+01
1.164503986366758248e+01
1.317129184313136037e+01
1.108743545409389775e+01
1.356534842016005804e+01
1.078360516609149400e+01
1.304045723232982468e+01
1.380831947963178408e+01
1.092999037013485086e+01
1.336968890314786229e+01
1.121205397821448102e+01
1.392118417575686884e+01
1.439363775980529070e+01
1.224901367451375123e+01
1.612144550056980208e+01
1.329697780771583382e+01
1.387746333621640282e+01
1.418095615879343185e+01
1.517930558154776044e+01
1.513554541576842283e+01
1.702416825535926392e+01
1.699029034455775999e+01
1.691912004065217801e+01
1.749635123546135418e+01
1.807714350312647866e+01
1.795184994423029679e+01
1.916614717878362484e+01
1.818288671922605459e+01
1.899439104275731083e+01
2.000000000000000000e+01
1.827777900474343298e+01
2.000000000000000000e+01
1.863324637889819257e+01
2.000000000000000000e+01
1.806318797154119693e+01
2.000000000000000000e+01
1.814415869129259917e+01
1.866875580887603192e+01
2.000000000000000000e+01
1.794057102718646846e+01
1.868159386882867778e+01
1.980259983746443453e+01
1.766414418589846846e+01
1.949335682567314620e+01
1.840102409125966432e+01
1.720438712724870101e+01
1.876299325707694265e+01
1.720667077289725455e+01
1.814914744202935637e+01
1.739087272618282043e+01
1.753786575871755460e+01
1.663954447102619838e+01
1.554492907935261670e+01
1.635626405659157712e+01
1.525246597051367559e+01
1.524738841196015926e+01
1.502987369131638395e+01
1.447570198108837225e+01
1.413862380919325190e+01
1.404414650097218953e+01
1.327900919615712105e+01
1.354745491888778020e+01
1.343140196121985674e+01
1.217405347371688507e+01
1.274011318200924769e+01
1.331846399338486897e+01
1.137617093917500277e+01
1.291475264440935788e+01
1.101131285187219966e+01
1.350935205576734610e+01
1.304186826928595622e+01
1.105426615389473710e+01
1.434989770138973419e+01
1.138765997253283224e+01
1.370615604133987908e+01
1.546887275990370014e+01
1.249318128410930839e+01
1.515262685202554316e+01
1.342633673406542272e+01
1.425324997913778446e+01
1.429183876639904582e+01
1.499578479747580850e+01
1.673058776972741413e+01
1.583725402399679005e+01
1.664112564438763187e+01
1.691346674906818848e+01
1.716733479187522349e+01
1.767286936390908991e+01
1.845557549538200703e+01
1.856643508834513412e+01
1.947584011871381193e+01
1.805099118834915473e+01
2.000000000000000000e+01
1.839682748783729949e+01
1.916467580233162593e+01
2.000000000000000000e+01
1.793184186120613077e+01
2.000000000000000000e+01
1.944526598314207533e+01
2.000000000000000000e+01
1.748531067532368155e+01
1.764428984483244278e+01
1.984417041291522210e+01
1.897228453784187607e+01
1.976250207458348385e+01
1.774983654161658819e+01
1.860446783650546720e+01
1.925607916433632738e+01
1.704435781893604585e+01
1.872566406274207651e+01
1.753501000567954193e+01
1.816807313523874967e+01
1.634376681276164334e+01
1.648937872927295700e+01
1.699272147825087842e+01
1.543555201304410041e+01
1.610364206777800788e+01
1.520628519738223794e+01
1.460410179263781849e+01
1.466886952398381894e+01
1.466525955809776072e+01
1.377489928180663092e+01
1.354650840169675341e+01
1.334174155708000953e+01
1.245971320119530468e+01
1.319593868996637553e+01
1.289805415639877317e+01
1.144049515544209683e+01
1.336547192221273583e+01
1.098300448087812953e+01
1.240762127653368196e+01
1.061222942573212791e+01
1.386569251597192398e+01
1.378409419150716531e+01
1.092891046647284803e+01
1.342568820444679645e+01
1.129026437037823882e+01
1.459860466707377036e+01
1.452517220029269396e+01
1.253537251442122091e+01
1.594625335514099262e+01
1.363231445239379624e+01
1.481793927050831350e+01
1.696414460906393629e+01
1.548649616584642352e+01
1.653109847854972259e+01
1.675945220015269044e+01
1.652385248171770726e+01
1.791238597750715300e+01
1.765872786906646041e+01
1.902517107339627600e+01
1.876099767475385605e+01
1.911495473773217668e+01
2.000000000000000000e+01
1.927764264771021629e+01
1.856967949165739640e+01
2.000000000000000000e+01
1.769468433475011082e+01
2.000000000000000000e+01
1.949336166692815908e+01
2.000000000000000000e+01
1.855837646233326765e+01
1.875961539862550609e+01
2.000000000000000000e+01
1.808856627094728964e+01
2.000000000000000000e+01
1.866856386118769251e+01
1.995952151985540723e+01
1.784254753408282568e+01
1.822792293730583069e+01
1.944868607658118620e+01
1.760526811243998679e+01
1.897828645541719794e+01
1.793027254918469993e+01
1.666657416979657569e+01
1.800959478404643477e+01
1.674159187658271364e+01
1.607802299055594375e+01
1.676412746702141021e+01
1.565060817962609718e+01
1.586976479769339932e+01
1.531545841746854641e+01
1.498095129051675301e+01
1.465115947585079503e+01
1.409460248881867805e+01
1.363984525127464842e+01
1.353468196058040007e+01
1.275836403679981146e+01
1.325373437487574435e+01
1.196215979065375556e+01
1.297101335259520916e+01
1.128446008560535851e+01
1.332476734494342629e+01
1.428399262948417103e+01
1.100448008056718407e+01
1.272870449704893936e+01
1.092090160763597240e+01
1.349853843883900062e+01
1.485658002646668230e+01
1.159230906767811398e+01
1.375450421610981522e+01
1.216489165710399689e+01
1.334208642663970323e+01
1.674030050195537456e+01
1.355753289377879867e+01
1.541122311326932781e+01
1.462243031898992207e+01
1.568738500947839221e+01
1.569220282840384328e+01
1.721980163100456451e+01
1.717411188175479353e+01
1.750967014635511276e+01
1.767784445059604082e+01
1.865522655311663769e+01
1.839291045414888615e+01
1.818397226406072065e+01
2.000000000000000000e+01
1.898243136573535494e+01
2.000000000000000000e+01
1.867606419459432132e+01
1.880028992604571414e+01
2.000000000000000000e+01
1.779485336691890751e+01
2.000000000000000000e+01
1.839098372271871895e+01
1.931136919863675772e+01
2.000000000000000000e+01
1.769907662873780652e+01
1.994325636447978667e+01
1.908825266046348901e+01
1.990154206057862751e+01
1.790275842850712706e+01
1.803981348806710372e+01
1.935583239226728125e+01
1.774474153683065580e+01
1.754917675353943451e+01
1.850861915123883250e+01
1.704780933359366202e+01
1.784530389488399749e+01
1.645890865568537365e+01
1.601651851193159004e+01
1.659136859382752505e+01
1.571384402349297993e+01
1.572511916131636944e+01
1.458571354835087774e+01
1.441610602215113879e+01
1.425513024706497767e+01
1.400571653685710949e+01
1.331036282079661603e+01
1.329787605717166166e+01
1.310623785445919687e+01
1.200919122800357464e+01
1.310547981071509405e+01
1.129344517619358967e+01
1.245518280147857837e+01
1.348638360713606943e+01
1.070503610696432162e+01
1.281619956321784137e+01
1.051628163736998900e+01
1.325492986479664559e+01
1.405101941626903539e+01
1.098969091510446994e+01
1.358367434783641059e+01
1.148470028542103094e+01
1.422226048238234064e+01
1.465141033743696752e+01
1.280126195531774513e+01
1.641798381085886049e+01
1.399948348067097648e+01
1.438351474906273531e+01
1.502028317633548049e+01
1.567703222371329375e+01
1.679036502108425211e+01
1.670871823733312311e+01
1.685419733274809317e+01
1.780302771770147174e+01
1.751625124114091392e+01
1.840668598020197422e+01
1.932006375456010261e+01
1.776018962842107740e+01
2.000000000000000000e+01
1.935680638136436826e+01
1.983405043426756009e+01
2.000000000000000000e+01
1.756531848664176465e+01
2.000000000000000000e+01
1.776729218871689397e+01
1.841530553727582387e+01
2.000000000000000000e+01
1.781741319838484472e+01
1.994497629804892824e+01
1.846093731984655406e+01
1.981895713261769387e+01
1.842173719237035101e+01
1.960017011392827513e+01
1.742292061494749333e+01
1.685605657884402930e+01
1.869975411183270353e+01
1.771804531426638718e+01
1.810092525568679278e+01
1.661604766580742165e+01
1.558469429789423621e+01
1.679590511234396644e+01
1.626072701453455949e+01
1.595253961607966176e+01
1.505551525978470551e+01
1.503920131887752909e+01
1.422937169994902007e+01
1.407931115995500981e+01
1.336277843054170944e+01
1.379426391186404466e+01
1.267799347935810417e+01
1.303549425263156181e+01
1.182992581198965354e+01
1.233040246593304090e+01
1.103797513944735087e+01
1.277528391441301103e+01
1.339080246972500454e+01
1.050634592778107645e+01
1.312949190874452654e+01
1.039947535304781567e+01
1.318260035100722938e+01
1.051006258030107254e+01
1.268209698600409396e+01
1.430508607437553437e+01
1.128309315627555165e+01
1.487654956024780084e+01
1.213259507846223073e+01
1.288674102250334563e+01
1.466019366419969394e+01
1.344724492947321970e+01
1.486226107420751141e+01
1.443843420795921517e+01
1.548059895129026309e+01
1.546867693929864984e+01
1.640368076188084956e+01
1.697536128250485987e+01
1.714450012811451529e+01
1.742211235269745728e+01
1.823647891855704017e+01
1.766553806913720948e+01
1.865527354087714329e+01
1.967106135288211277e+01
1.796317314913770602e+01
2.000000000000000000e+01
1.865334724297258973e+01
2.000000000000000000e+01
1.942327853125000203e+01
1.861833236399487390e+01
2.000000000000000000e+01
1.763203720892086679e+01
1.823885390995032552e+01
2.000000000000000000e+01
1.855665714962888657e+01
1.998101347578102249e+01
1.925427552114560115e+01
1.707791360234892508e+01
1.957372879661217269e+01
1.847029958937640970e+01
1.922498200218525000e+01
1.773094074505288020e+01
1.766032214956293700e+01
1.840367026698041286e+01
1.646508808754478892e+01
1.768280166159241773e+01
1.651916603640648873e+01
1.561489656606793197e+01
1.638984638212148326e+01
1.525847106462107483e+01
1.545800677869476303e+01
1.500361858714718188e+01
1.454739414990019597e+01
1.420349815315705300e+01
1.363215375738654345e+01
1.339965231025923487e+01
1.319289565365888706e+01
1.230883586010612873e+01
1.316273990891439460e+01
1.155847325849408236e+01
1.331088149293675649e+01
1.100613069378544395e+01
1.274038551196398217e+01
1.381332061494187258e+01
1.076049358659170174e+01
1.391272634004428888e+01
1.090592558037584681e+01
1.179060857802965856e+01
1.097791521651326718e+01
1.345439532454498099e+01
1.356796091488623723e+01
1.173192131931327253e+01
1.558969579745407685e+01
1.261240416519560092e+01
1.589003724778340931e+01
1.369911513550942139e+01
1.673526673013069299e+01
1.789433482933924680e+01
1.595769637437126320e+01
1.725577450790691003e+01
1.744276447378389250e+01
1.655802080316214742e+01
1.869973407443412583e+01
1.806943011470743699e+01
1.989895148613312159e+01
1.896689950058449625e+01
1.943898167913513575e+01
2.000000000000000000e+01
1.858469940773309048e+01
1.889977124813677989e+01
2.000000000000000000e+01
1.795998805042409430e+01
2.000000000000000000e+01
1.922936406607921356e+01
1.809533988408827554e+01
2.000000000000000000e+01
1.822704971022809417e+01
2.000000000000000000e+01
1.932820523935022550e+01
2.000000000000000000e+01
1.754221005136441036e+01
1.981454098864290359e+01
1.741507221466049060e+01
1.784629203525657459e+01
1.910630599985833200e+01
1.806870705172236669e+01
1.741861602250936514e+01
1.825243871811468566e+01
1.701838001438577663e+01
1.758857355499442576e+01
1.607670173991680329e+01
1.632630406102104814e+01
1.637122101205837410e+01
1.491222428245379206e+01
1.544877728818504359e+01
1.464931846379116465e+01
1.451413343293027225e+01
1.393051292104361139e+01
1.368226619539708366e+01
