-5.439181923866271973e-01
-5.439181923866271973e-01
-5.168750286102294922e-01
-5.168750286102294922e-01
6.818541139364242554e-02
6.818541139364242554e-02
4.199862480163574219e-02
4.199862480163574219e-02
6.818541139364242554e-02
1.010502934455871582e+00
1.010502934455871582e+00
1.594753265380859375e+00
1.594753265380859375e+00
2.135444402694702148e+00
2.135444402694702148e+00
2.945363283157348633e+00
3.398060321807861328e+00
3.398060321807861328e+00
4.101462841033935547e+00
4.101462841033935547e+00
4.557385444641113281e+00
4.557385444641113281e+00
5.110354900360107422e+00
5.675666809082031250e+00
5.675666809082031250e+00
6.181584358215332031e+00
6.181584358215332031e+00
6.418237209320068359e+00
6.418237209320068359e+00
6.812917232513427734e+00
7.241004467010498047e+00
7.241004467010498047e+00
7.517462730407714844e+00
7.517462730407714844e+00
7.860815048217773438e+00
7.860815048217773438e+00
8.264586448669433594e+00
8.585249900817871094e+00
8.585249900817871094e+00
8.896596908569335938e+00
8.896596908569335938e+00
9.160202980041503906e+00
9.160202980041503906e+00
9.480980873107910156e+00
9.731075286865234375e+00
9.731075286865234375e+00
1.004818439483642578e+01
1.004818439483642578e+01
1.020357608795166016e+01
1.057789039611816406e+01
1.057789039611816406e+01
1.078376770019531250e+01
1.078376770019531250e+01
1.094179153442382812e+01
1.120880508422851562e+01
1.120880508422851562e+01
1.131873989105224609e+01
1.131873989105224609e+01
1.150403022766113281e+01
1.163371562957763672e+01
1.163371562957763672e+01
1.173043441772460938e+01
1.173043441772460938e+01
1.174115371704101562e+01
1.174115371704101562e+01
1.174115371704101562e+01
1.174115371704101562e+01
1.174115371704101562e+01
1.169824409484863281e+01
1.169824409484863281e+01
1.153653335571289062e+01
1.153653335571289062e+01
1.141707515716552734e+01
1.141707515716552734e+01
1.125286674499511719e+01
1.097542762756347656e+01
1.097542762756347656e+01
1.079511451721191406e+01
1.079511451721191406e+01
1.050854587554931641e+01
1.050854587554931641e+01
1.019169425964355469e+01
9.999958992004394531e+00
9.999958992004394531e+00
9.718701362609863281e+00
9.718701362609863281e+00
9.468327522277832031e+00
9.160202980041503906e+00
9.160202980041503906e+00
8.963104248046875000e+00
8.963104248046875000e+00
8.843093872070312500e+00
8.748818397521972656e+00
8.748818397521972656e+00
8.708159446716308594e+00
8.708159446716308594e+00
8.816242218017578125e+00
8.816242218017578125e+00
8.856494903564453125e+00
9.055530548095703125e+00
9.055530548095703125e+00
9.199196815490722656e+00
9.199196815490722656e+00
9.404844284057617188e+00
9.544031143188476562e+00
9.544031143188476562e+00
9.805033683776855469e+00
9.805033683776855469e+00
9.939396858215332031e+00
1.007222366333007812e+01
1.007222366333007812e+01
1.026281166076660156e+01
1.026281166076660156e+01
1.047373390197753906e+01
1.064686870574951172e+01
1.064686870574951172e+01
1.078376770019531250e+01
1.078376770019531250e+01
1.089682102203369141e+01
1.102015781402587891e+01
1.102015781402587891e+01
1.115355682373046875e+01
1.115355682373046875e+01
1.126386356353759766e+01
1.140617656707763672e+01
1.140617656707763672e+01
1.146060466766357422e+01
1.146060466766357422e+01
1.150403022766113281e+01
1.155817127227783203e+01
1.155817127227783203e+01
1.160137462615966797e+01
1.160137462615966797e+01
1.157978439331054688e+01
1.153653335571289062e+01
1.153653335571289062e+01
1.149318313598632812e+01
1.149318313598632812e+01
1.139527034759521484e+01
1.123085117340087891e+01
1.123085117340087891e+01
1.106475353240966797e+01
1.106475353240966797e+01
1.084040832519531250e+01
1.062391662597656250e+01
1.062391662597656250e+01
1.043882560729980469e+01
1.043882560729980469e+01
1.008422470092773438e+01
9.915082931518554688e+00
9.915082931518554688e+00
9.619222640991210938e+00
9.531449317932128906e+00
9.531449317932128906e+00
9.250972747802734375e+00
9.250972747802734375e+00
9.147173881530761719e+00
9.016016006469726562e+00
9.016016006469726562e+00
9.002812385559082031e+00
9.002812385559082031e+00
9.042374610900878906e+00
9.042374610900878906e+00
9.068670272827148438e+00
9.225115776062011719e+00
9.225115776062011719e+00
9.379348754882812500e+00
9.518854141235351562e+00
9.518854141235351562e+00
9.669072151184082031e+00
9.669072151184082031e+00
9.866302490234375000e+00
9.951534271240234375e+00
9.951534271240234375e+00
1.021544647216796875e+01
1.021544647216796875e+01
1.045047187805175781e+01
1.055481719970703125e+01
1.055481719970703125e+01
1.070407867431640625e+01
1.087428283691406250e+01
1.087428283691406250e+01
1.098662281036376953e+01
1.098662281036376953e+01
1.113140392303466797e+01
1.123085117340087891e+01
1.123085117340087891e+01
1.134064102172851562e+01
1.134064102172851562e+01
1.141707515716552734e+01
1.148232936859130859e+01
1.148232936859130859e+01
1.155817127227783203e+01
1.155817127227783203e+01
1.157978439331054688e+01
1.162294101715087891e+01
1.162294101715087891e+01
1.154735469818115234e+01
1.154735469818115234e+01
1.147146987915039062e+01
1.137343883514404297e+01
1.137343883514404297e+01
1.126386356353759766e+01
1.126386356353759766e+01
1.112031555175781250e+01
1.112031555175781250e+01
1.091932392120361328e+01
1.069265651702880859e+01
1.069265651702880859e+01
1.039213085174560547e+01
1.019169425964355469e+01
1.019169425964355469e+01
9.854074478149414062e+00
9.854074478149414062e+00
9.693914413452148438e+00
9.468327522277832031e+00
9.468327522277832031e+00
9.199196815490722656e+00
9.094901084899902344e+00
9.094901084899902344e+00
9.002812385559082031e+00
9.002812385559082031e+00
8.989592552185058594e+00
9.029203414916992188e+00
9.029203414916992188e+00
9.068670272827148438e+00
9.068670272827148438e+00
9.160202980041503906e+00
9.340992927551269531e+00
9.340992927551269531e+00
9.569150924682617188e+00
9.569150924682617188e+00
9.693914413452148438e+00
9.915082931518554688e+00
9.915082931518554688e+00
1.002409648895263672e+01
1.002409648895263672e+01
1.025098705291748047e+01
1.039213085174560547e+01
1.039213085174560547e+01
1.054326438903808594e+01
1.054326438903808594e+01
1.072689437866210938e+01
1.084040832519531250e+01
1.084040832519531250e+01
1.104247188568115234e+01
1.104247188568115234e+01
1.110921859741210938e+01
1.110921859741210938e+01
1.126386356353759766e+01
1.134064102172851562e+01
1.134064102172851562e+01
1.143885231018066406e+01
1.143885231018066406e+01
1.154735469818115234e+01
1.157978439331054688e+01
1.157978439331054688e+01
1.163371562957763672e+01
1.163371562957763672e+01
1.162294101715087891e+01
1.160137462615966797e+01
1.160137462615966797e+01
1.151487064361572266e+01
1.151487064361572266e+01
1.146060466766357422e+01
1.126386356353759766e+01
1.126386356353759766e+01
1.115355682373046875e+01
1.115355682373046875e+01
1.093056201934814453e+01
1.073828792572021484e+01
1.073828792572021484e+01
1.053170204162597656e+01
1.053170204162597656e+01
1.023915195465087891e+01
9.927246093750000000e+00
9.927246093750000000e+00
9.693914413452148438e+00
9.693914413452148438e+00
9.581689834594726562e+00
9.212163925170898438e+00
9.212163925170898438e+00
9.016016006469726562e+00
9.016016006469726562e+00
8.869878768920898438e+00
8.816242218017578125e+00
8.816242218017578125e+00
8.843093872070312500e+00
8.843093872070312500e+00
8.909931182861328125e+00
9.016016006469726562e+00
9.016016006469726562e+00
9.238051414489746094e+00
9.238051414489746094e+00
9.404844284057617188e+00
9.404844284057617188e+00
9.631706237792968750e+00
9.890718460083007812e+00
9.890718460083007812e+00
9.999958992004394531e+00
9.999958992004394531e+00
1.019169425964355469e+01
1.028642463684082031e+01
1.028642463684082031e+01
1.048534774780273438e+01
1.048534774780273438e+01
1.062391662597656250e+01
1.062391662597656250e+01
1.074967193603515625e+01
1.087428283691406250e+01
1.087428283691406250e+01
1.103131866455078125e+01
1.113140392303466797e+01
1.113140392303466797e+01
1.127485370635986328e+01
1.127485370635986328e+01
1.137343883514404297e+01
1.148232936859130859e+01
1.148232936859130859e+01
1.154735469818115234e+01
1.154735469818115234e+01
1.159058284759521484e+01
1.164448451995849609e+01
1.164448451995849609e+01
1.163371562957763672e+01
1.163371562957763672e+01
1.157978439331054688e+01
1.149318313598632812e+01
1.149318313598632812e+01
1.142796707153320312e+01
1.142796707153320312e+01
1.132969379425048828e+01
1.107588195800781250e+01
1.107588195800781250e+01
1.086299991607666016e+01
1.086299991607666016e+01
1.068122386932373047e+01
1.041549968719482422e+01
1.041549968719482422e+01
1.009621334075927734e+01
1.009621334075927734e+01
9.890718460083007812e+00
9.890718460083007812e+00
9.619222640991210938e+00
9.392104148864746094e+00
9.392104148864746094e+00
9.173216819763183594e+00
9.173216819763183594e+00
9.029203414916992188e+00
8.976356506347656250e+00
8.976356506347656250e+00
8.976356506347656250e+00
8.976356506347656250e+00
9.029203414916992188e+00
9.107993125915527344e+00
9.107993125915527344e+00
9.199196815490722656e+00
9.199196815490722656e+00
9.468327522277832031e+00
9.644175529479980469e+00
9.644175529479980469e+00
9.817314147949218750e+00
9.817314147949218750e+00
9.963659286499023438e+00
9.963659286499023438e+00
1.019169425964355469e+01
1.029821491241455078e+01
1.029821491241455078e+01
1.052012920379638672e+01
1.052012920379638672e+01
1.062391662597656250e+01
1.082909870147705078e+01
1.082909870147705078e+01
1.094179153442382812e+01
1.094179153442382812e+01
1.108700275421142578e+01
1.119777107238769531e+01
1.119777107238769531e+01
1.131873989105224609e+01
1.140617656707763672e+01
1.140617656707763672e+01
1.149318313598632812e+01
1.149318313598632812e+01
1.153653335571289062e+01
1.153653335571289062e+01
1.161216068267822266e+01
1.163371562957763672e+01
1.163371562957763672e+01
1.160137462615966797e+01
1.160137462615966797e+01
1.155817127227783203e+01
1.146060466766357422e+01
1.146060466766357422e+01
1.137343883514404297e+01
1.137343883514404297e+01
1.117567920684814453e+01
1.096422386169433594e+01
1.096422386169433594e+01
1.065833091735839844e+01
1.065833091735839844e+01
1.048534774780273438e+01
1.048534774780273438e+01
1.019169425964355469e+01
9.866302490234375000e+00
9.866302490234375000e+00
9.656630516052246094e+00
9.656630516052246094e+00
9.493619918823242188e+00
9.238051414489746094e+00
9.238051414489746094e+00
9.094901084899902344e+00
9.094901084899902344e+00
9.081793785095214844e+00
9.055530548095703125e+00
9.055530548095703125e+00
9.068670272827148438e+00
9.068670272827148438e+00
9.186214447021484375e+00
9.315348625183105469e+00
9.315348625183105469e+00
9.442977905273437500e+00
9.442977905273437500e+00
9.681500434875488281e+00
9.780434608459472656e+00
9.780434608459472656e+00
9.999958992004394531e+00
9.999958992004394531e+00
1.009621334075927734e+01
1.009621334075927734e+01
1.027462387084960938e+01
1.043882560729980469e+01
1.043882560729980469e+01
1.063539791107177734e+01
1.063539791107177734e+01
1.074967193603515625e+01
1.074967193603515625e+01
1.082909870147705078e+01
1.104247188568115234e+01
1.104247188568115234e+01
1.113140392303466797e+01
1.113140392303466797e+01
1.125286674499511719e+01
1.125286674499511719e+01
1.139527034759521484e+01
1.148232936859130859e+01
1.148232936859130859e+01
1.155817127227783203e+01
1.155817127227783203e+01
1.159058284759521484e+01
1.163371562957763672e+01
1.163371562957763672e+01
1.162294101715087891e+01
1.162294101715087891e+01
1.157978439331054688e+01
1.157978439331054688e+01
1.148232936859130859e+01
1.139527034759521484e+01
1.139527034759521484e+01
1.121983146667480469e+01
1.121983146667480469e+01
1.096422386169433594e+01
1.096422386169433594e+01
1.073828792572021484e+01
1.045047187805175781e+01
1.045047187805175781e+01
1.022730445861816406e+01
1.022730445861816406e+01
9.987872123718261719e+00
9.743434906005859375e+00
9.743434906005859375e+00
9.417570114135742188e+00
9.417570114135742188e+00
9.404844284057617188e+00
9.404844284057617188e+00
9.353793144226074219e+00
9.353793144226074219e+00
9.225115776062011719e+00
9.160202980041503906e+00
9.160202980041503906e+00
9.160202980041503906e+00
9.160202980041503906e+00
9.225115776062011719e+00
9.225115776062011719e+00
9.366578102111816406e+00
9.468327522277832031e+00
9.468327522277832031e+00
9.669072151184082031e+00
9.669072151184082031e+00
9.829580307006835938e+00
9.829580307006835938e+00
1.003614711761474609e+01
1.003614711761474609e+01
1.022730445861816406e+01
1.036871814727783203e+01
1.036871814727783203e+01
1.056635856628417969e+01
1.068122386932373047e+01
1.068122386932373047e+01
1.087428283691406250e+01
1.087428283691406250e+01
1.096422386169433594e+01
1.114248466491699219e+01
1.114248466491699219e+01
1.126386356353759766e+01
1.126386356353759766e+01
1.130777931213378906e+01
1.130777931213378906e+01
1.136251354217529297e+01
1.148232936859130859e+01
1.148232936859130859e+01
1.154735469818115234e+01
1.156898117065429688e+01
1.156898117065429688e+01
1.157978439331054688e+01
1.157978439331054688e+01
1.154735469818115234e+01
1.154735469818115234e+01
1.148232936859130859e+01
1.139527034759521484e+01
1.139527034759521484e+01
1.130777931213378906e+01
1.114248466491699219e+01
1.114248466491699219e+01
1.097542762756347656e+01
1.097542762756347656e+01
1.072689437866210938e+01
1.053170204162597656e+01
1.053170204162597656e+01
1.022730445861816406e+01
1.022730445861816406e+01
1.002409648895263672e+01
9.693914413452148438e+00
9.693914413452148438e+00
9.480980873107910156e+00
9.480980873107910156e+00
9.442977905273437500e+00
9.442977905273437500e+00
9.417570114135742188e+00
9.276768684387207031e+00
9.276768684387207031e+00
9.250972747802734375e+00
9.250972747802734375e+00
9.276768684387207031e+00
9.302503585815429688e+00
9.302503585815429688e+00
9.340992927551269531e+00
9.340992927551269531e+00
9.518854141235351562e+00
9.518854141235351562e+00
9.706315040588378906e+00
9.841834068298339844e+00
9.841834068298339844e+00
1.006021022796630859e+01
1.006021022796630859e+01
1.013210773468017578e+01
1.013210773468017578e+01
1.038043022155761719e+01
1.060092353820800781e+01
1.060092353820800781e+01
1.068122386932373047e+01
1.068122386932373047e+01
1.086299991607666016e+01
1.094179153442382812e+01
1.094179153442382812e+01
1.113140392303466797e+01
1.113140392303466797e+01
1.121983146667480469e+01
1.121983146667480469e+01
1.136251354217529297e+01
1.144973182678222656e+01
1.144973182678222656e+01
1.155817127227783203e+01
1.155817127227783203e+01
1.160137462615966797e+01
1.165524768829345703e+01
1.165524768829345703e+01
1.161216068267822266e+01
1.161216068267822266e+01
1.159058284759521484e+01
1.154735469818115234e+01
1.154735469818115234e+01
1.143885231018066406e+01
1.132969379425048828e+01
1.132969379425048828e+01
1.112031555175781250e+01
1.112031555175781250e+01
1.096422386169433594e+01
1.096422386169433594e+01
1.064686870574951172e+01
1.035699558258056641e+01
1.035699558258056641e+01
1.013210773468017578e+01
1.013210773468017578e+01
9.841834068298339844e+00
9.606725692749023438e+00
9.606725692749023438e+00
9.328178405761718750e+00
9.328178405761718750e+00
9.263877868652343750e+00
9.055530548095703125e+00
9.055530548095703125e+00
9.016016006469726562e+00
9.016016006469726562e+00
9.094901084899902344e+00
9.094901084899902344e+00
9.173216819763183594e+00
9.173216819763183594e+00
9.250972747802734375e+00
9.340992927551269531e+00
9.340992927551269531e+00
9.455660820007324219e+00
9.669072151184082031e+00
9.669072151184082031e+00
9.915082931518554688e+00
9.915082931518554688e+00
9.987872123718261719e+00
9.987872123718261719e+00
1.014404869079589844e+01
1.028642463684082031e+01
1.028642463684082031e+01
1.047373390197753906e+01
1.047373390197753906e+01
1.060092353820800781e+01
1.060092353820800781e+01
1.079511451721191406e+01
1.093056201934814453e+01
1.093056201934814453e+01
1.108700275421142578e+01
1.108700275421142578e+01
1.116462230682373047e+01
1.132969379425048828e+01
1.132969379425048828e+01
1.141707515716552734e+01
1.152570438385009766e+01
1.152570438385009766e+01
1.159058284759521484e+01
1.159058284759521484e+01
1.160137462615966797e+01
1.160137462615966797e+01
1.159058284759521484e+01
1.159058284759521484e+01
1.159058284759521484e+01
1.155817127227783203e+01
1.155817127227783203e+01
1.147146987915039062e+01
1.147146987915039062e+01
1.134064102172851562e+01
1.134064102172851562e+01
1.112031555175781250e+01
1.080645179748535156e+01
1.080645179748535156e+01
1.063539791107177734e+01
1.063539791107177734e+01
1.039213085174560547e+01
1.004818439483642578e+01
1.004818439483642578e+01
9.866302490234375000e+00
9.866302490234375000e+00
9.780434608459472656e+00
9.417570114135742188e+00
9.417570114135742188e+00
9.289643287658691406e+00
9.289643287658691406e+00
9.238051414489746094e+00
9.238051414489746094e+00
9.147173881530761719e+00
9.121068954467773438e+00
9.121068954467773438e+00
9.160202980041503906e+00
9.160202980041503906e+00
9.238051414489746094e+00
9.379348754882812500e+00
9.379348754882812500e+00
9.518854141235351562e+00
9.518854141235351562e+00
9.681500434875488281e+00
9.854074478149414062e+00
9.854074478149414062e+00
1.008422470092773438e+01
1.008422470092773438e+01
1.025098705291748047e+01
1.033351707458496094e+01
1.033351707458496094e+01
1.055481719970703125e+01
1.055481719970703125e+01
1.063539791107177734e+01
1.063539791107177734e+01
1.081777954101562500e+01
1.096422386169433594e+01
1.096422386169433594e+01
1.109811496734619141e+01
1.121983146667480469e+01
1.121983146667480469e+01
1.132969379425048828e+01
1.132969379425048828e+01
1.142796707153320312e+01
1.152570438385009766e+01
1.152570438385009766e+01
1.156898117065429688e+01
1.156898117065429688e+01
1.163371562957763672e+01
1.166600513458251953e+01
1.166600513458251953e+01
1.164448451995849609e+01
1.164448451995849609e+01
1.160137462615966797e+01
1.153653335571289062e+01
1.153653335571289062e+01
1.139527034759521484e+01
1.139527034759521484e+01
1.125286674499511719e+01
1.099780941009521484e+01
1.099780941009521484e+01
1.078376770019531250e+01
1.078376770019531250e+01
1.052012920379638672e+01
1.020357608795166016e+01
1.020357608795166016e+01
9.975771903991699219e+00
9.975771903991699219e+00
9.743434906005859375e+00
9.518854141235351562e+00
9.518854141235351562e+00
9.225115776062011719e+00
9.225115776062011719e+00
9.238051414489746094e+00
9.238051414489746094e+00
9.225115776062011719e+00
9.160202980041503906e+00
9.160202980041503906e+00
9.199196815490722656e+00
9.199196815490722656e+00
9.276768684387207031e+00
9.315348625183105469e+00
9.315348625183105469e+00
9.506243705749511719e+00
9.506243705749511719e+00
9.606725692749023438e+00
9.693914413452148438e+00
9.693914413452148438e+00
9.951534271240234375e+00
9.951534271240234375e+00
1.017980098724365234e+01
1.034526157379150391e+01
1.034526157379150391e+01
1.055481719970703125e+01
1.055481719970703125e+01
1.069265651702880859e+01
1.069265651702880859e+01
1.081777954101562500e+01
1.081777954101562500e+01
1.100898742675781250e+01
1.121983146667480469e+01
1.121983146667480469e+01
1.128583621978759766e+01
1.128583621978759766e+01
1.139527034759521484e+01
1.155817127227783203e+01
1.155817127227783203e+01
1.156898117065429688e+01
1.156898117065429688e+01
1.161216068267822266e+01
1.161216068267822266e+01
1.164448451995849609e+01
1.164448451995849609e+01
1.166600513458251953e+01
1.160137462615966797e+01
1.160137462615966797e+01
1.152570438385009766e+01
1.152570438385009766e+01
1.143885231018066406e+01
1.143885231018066406e+01
1.124186229705810547e+01
1.097542762756347656e+01
1.097542762756347656e+01
1.071549129486083984e+01
1.071549129486083984e+01
1.045047187805175781e+01
1.045047187805175781e+01
1.025098705291748047e+01
9.927246093750000000e+00
9.927246093750000000e+00
9.619222640991210938e+00
9.619222640991210938e+00
9.581689834594726562e+00
9.417570114135742188e+00
9.417570114135742188e+00
9.328178405761718750e+00
9.328178405761718750e+00
9.276768684387207031e+00
9.276768684387207031e+00
9.238051414489746094e+00
9.199196815490722656e+00
9.199196815490722656e+00
9.225115776062011719e+00
9.225115776062011719e+00
9.328178405761718750e+00
9.379348754882812500e+00
9.379348754882812500e+00
9.581689834594726562e+00
9.581689834594726562e+00
9.743434906005859375e+00
9.743434906005859375e+00
9.829580307006835938e+00
1.001203441619873047e+01
1.001203441619873047e+01
1.025098705291748047e+01
1.042716789245605469e+01
1.042716789245605469e+01
1.056635856628417969e+01
1.056635856628417969e+01
1.063539791107177734e+01
1.089682102203369141e+01
1.089682102203369141e+01
1.098662281036376953e+01
1.098662281036376953e+01
1.110921859741210938e+01
1.120880508422851562e+01
1.120880508422851562e+01
1.136251354217529297e+01
1.136251354217529297e+01
1.143885231018066406e+01
1.155817127227783203e+01
1.155817127227783203e+01
1.162294101715087891e+01
1.162294101715087891e+01
1.162294101715087891e+01
1.162294101715087891e+01
1.161216068267822266e+01
1.161216068267822266e+01
1.159058284759521484e+01
1.154735469818115234e+01
1.154735469818115234e+01
1.142796707153320312e+01
1.142796707153320312e+01
1.123085117340087891e+01
1.123085117340087891e+01
1.104247188568115234e+01
1.074967193603515625e+01
1.074967193603515625e+01
1.045047187805175781e+01
1.045047187805175781e+01
1.036871814727783203e+01
1.036871814727783203e+01
1.014404869079589844e+01
9.939396858215332031e+00
9.939396858215332031e+00
9.606725692749023438e+00
9.606725692749023438e+00
9.340992927551269531e+00
9.340992927551269531e+00
9.107993125915527344e+00
8.843093872070312500e+00
8.843093872070312500e+00
8.789323806762695312e+00
8.789323806762695312e+00
8.936550140380859375e+00
8.936550140380859375e+00
9.055530548095703125e+00
9.055530548095703125e+00
9.199196815490722656e+00
9.340992927551269531e+00
9.340992927551269531e+00
9.518854141235351562e+00
9.693914413452148438e+00
9.693914413452148438e+00
9.915082931518554688e+00
9.915082931518554688e+00
1.001203441619873047e+01
1.022730445861816406e+01
1.022730445861816406e+01
1.040382099151611328e+01
1.040382099151611328e+01
1.047373390197753906e+01
1.047373390197753906e+01
1.070407867431640625e+01
1.070407867431640625e+01
1.091932392120361328e+01
1.106475353240966797e+01
1.106475353240966797e+01
1.114248466491699219e+01
1.125286674499511719e+01
1.125286674499511719e+01
1.134064102172851562e+01
1.134064102172851562e+01
1.144973182678222656e+01
1.149318313598632812e+01
1.149318313598632812e+01
1.159058284759521484e+01
1.159058284759521484e+01
1.162294101715087891e+01
1.162294101715087891e+01
1.163371562957763672e+01
1.162294101715087891e+01
