3.119993209838867188e-02
1.092000007629394531e+00
2.137199878692626953e+00
3.213599920272827148e+00
4.243200063705444336e+00
5.288399934768676758e+00
6.333600044250488281e+00
7.411999940872192383e+00
8.503999948501586914e+00
9.580399990081787109e+00
1.062560009956359863e+01
1.165520000457763672e+01
1.273159980773925781e+01
1.379239988327026367e+01
1.485319995880126953e+01
1.589840006828308105e+01
1.695920014381408691e+01
1.803559994697570801e+01
1.909640002250671387e+01
2.014160013198852539e+01
2.117120003700256348e+01
2.220079994201660156e+01
2.326160001754760742e+01
2.435360002517700195e+01
2.542999982833862305e+01
2.647460007667541504e+01
2.751979994773864746e+01
2.858759999275207520e+01
2.964839982986450195e+01
3.070919990539550781e+01
3.176999998092651367e+01
3.281520009040832520e+01
3.384579992294311523e+01
3.490659999847412109e+01
3.593619990348815918e+01
3.699699997901916504e+01
3.804219985008239746e+01
3.908739995956420898e+01
4.019499993324279785e+01
4.125779986381530762e+01
4.231859993934631348e+01
4.336379981040954590e+01
4.444020009040832520e+01
4.550099992752075195e+01
4.654619979858398438e+01
4.759139990806579590e+01
4.862100005149841309e+01
4.966619992256164551e+01
5.071140003204345703e+01
5.174099993705749512e+01
5.278619980812072754e+01
5.381579995155334473e+01
5.486100006103515625e+01
5.589059996604919434e+01
5.692019987106323242e+01
5.794980001449584961e+01
5.897939991950988770e+01
6.002459979057312012e+01
6.102499985694885254e+01
6.208579993247985840e+01
6.313099980354309082e+01
6.416059994697570801e+01
6.520580005645751953e+01
6.623539996147155762e+01
6.731179976463317871e+01
6.835699987411499023e+01
6.941779994964599609e+01
7.046299982070922852e+01
7.150819993019104004e+01
7.256900000572204590e+01
7.361419987678527832e+01
7.465939998626708984e+01
7.569099974632263184e+01
7.675179982185363770e+01
7.781259989738464355e+01
7.884219980239868164e+01
7.988739991188049316e+01
8.091700005531311035e+01
8.196219992637634277e+01
8.300740003585815430e+01
8.408379983901977539e+01
8.514459991455078125e+01
8.618980002403259277e+01
8.723499989509582520e+01
8.826459980010986328e+01
8.932539987564086914e+01
9.038619995117187500e+01
9.146259999275207520e+01
9.250779986381530762e+01
9.353739976882934570e+01
9.461879992485046387e+01
9.571079993247985840e+01
9.680279994010925293e+01
9.784800004959106445e+01
9.887859988212585449e+01
9.992379975318908691e+01
1.009533998966217041e+02
1.019829998016357422e+02
1.030281999111175537e+02
1.040578000545501709e+02
1.051029999256134033e+02
1.061482000350952148e+02
1.071933999061584473e+02
1.082386000156402588e+02
1.092701997756958008e+02
1.103153998851776123e+02
1.113450000286102295e+02
1.123745999336242676e+02
1.134197998046875000e+02
1.144493999481201172e+02
1.155257999897003174e+02
1.165866000652313232e+02
1.176473999023437500e+02
1.186770000457763672e+02
1.197065999507904053e+02
1.207517998218536377e+02
1.217969999313354492e+02
1.228578000068664551e+02
1.238873999118804932e+02
1.249170000553131104e+02
1.259621999263763428e+02
1.269937999248504639e+02
1.280389997959136963e+02
1.290685999393463135e+02
1.300981998443603516e+02
1.311589999198913574e+02
1.321885998249053955e+02
1.332493999004364014e+02
1.342946000099182129e+02
1.353397998809814453e+02
1.363693997859954834e+02
1.373989999294281006e+02
1.384597997665405273e+02
1.395362000465393066e+02
1.405969998836517334e+02
1.416266000270843506e+02
1.426581997871398926e+02
1.437346000671386719e+02
1.447953999042510986e+02
1.458561999797821045e+02
1.469013998508453369e+02
1.479309997558593750e+02
1.489917998313903809e+02
1.500369999408721924e+02
1.510821998119354248e+02
1.521273999214172363e+02
1.531570000648498535e+02
1.542177999019622803e+02
1.552629997730255127e+02
1.562925999164581299e+02
1.573378000259399414e+02
1.583673999309539795e+02
1.593989999294281006e+02
1.604597997665405273e+02
1.614893999099731445e+02
1.625189998149871826e+02
1.635485999584197998e+02
1.646250000000000000e+02
1.656858000755310059e+02
1.667309999465942383e+02
1.677762000560760498e+02
1.688057999610900879e+02
1.698353998661041260e+02
1.708805997371673584e+02
1.719101998805999756e+02
1.730021998882293701e+02
1.740317997932434082e+02
1.750613999366760254e+02
1.761066000461578369e+02
1.771381998062133789e+02
1.781833999156951904e+02
1.792441999912261963e+02
1.802893998622894287e+02
1.813501999378204346e+02
1.823954000473022461e+02
1.834561998844146729e+02
1.845013997554779053e+02
1.855309998989105225e+02
1.865917997360229492e+02
1.876525998115539551e+02
1.887133998870849609e+02
1.897585999965667725e+02
1.907881999015808105e+02
1.918333997726440430e+02
1.928650000095367432e+02
1.938945999145507812e+02
1.949397997856140137e+02
1.959693999290466309e+02
1.969989998340606689e+02
1.980285997390747070e+02
1.990738000869750977e+02
2.001345999240875244e+02
2.011642000675201416e+02
2.022093999385833740e+02
2.032701997756958008e+02
2.043309998512268066e+02
2.053761999607086182e+02
2.064057998657226562e+02
2.074509997367858887e+02
2.084962000846862793e+02
2.095569999217987061e+02
2.106041998863220215e+02
2.116493997573852539e+02
2.126945998668670654e+02
2.137251999378204346e+02
2.147704000473022461e+02
2.158312001228332520e+02
2.168919999599456787e+02
2.179371998310089111e+02
2.189667999744415283e+02
2.200120000839233398e+02
2.210571999549865723e+02
2.220867998600006104e+02
2.231319999694824219e+02
2.241771998405456543e+02
2.252088000774383545e+02
2.262539999485015869e+02
2.272992000579833984e+02
2.283287999629974365e+02
2.293896000385284424e+02
2.304347999095916748e+02
2.314643998146057129e+02
2.324939999580383301e+02
2.335392000675201416e+02
2.345843999385833740e+02
2.356139998435974121e+02
2.366747999191284180e+02
2.377200000286102295e+02
2.387495999336242676e+02
2.397947998046875000e+02
2.408400001525878906e+02
2.418696000576019287e+02
2.429616000652313232e+02
2.439911999702453613e+02
2.450539999008178711e+02
2.461147999763488770e+02
2.471912000179290771e+02
2.482520000934600830e+02
2.493283998966217041e+02
2.503579998016357422e+02
2.514032001495361328e+02
2.524795999526977539e+02
2.535715999603271484e+02
2.546168000698089600e+02
2.556776001453399658e+02
2.567072000503540039e+02
2.577523999214172363e+02
2.588152000904083252e+02
2.598603999614715576e+02
2.608899998664855957e+02
2.619196000099182129e+02
2.629648001194000244e+02
2.640099999904632568e+02
2.650707998275756836e+02
2.661003999710083008e+02
2.671299998760223389e+02
2.681440000534057617e+02
2.691891999244689941e+02
2.702344000339508057e+02
2.712639999389648438e+02
2.722936000823974609e+02
2.733387999534606934e+02
2.743840000629425049e+02
2.754448001384735107e+02
2.765211999416351318e+02
2.775820000171661377e+02
2.786291999816894531e+02
2.796744000911712646e+02
2.807195999622344971e+02
2.817648000717163086e+02
2.827943999767303467e+02
2.838395998477935791e+02
2.848847999572753906e+02
2.859767999649047852e+02
2.870219998359680176e+02
2.880671999454498291e+02
2.890968000888824463e+02
2.901263999938964844e+02
2.911891999244689941e+02
2.922187998294830322e+02
2.932483999729156494e+02
2.942936000823974609e+02
2.953231999874114990e+02
2.963528001308441162e+02
2.973980000019073486e+02
2.984275999069213867e+02
2.994728000164031982e+02
3.005179998874664307e+02
3.016099998950958252e+02
3.026863999366760254e+02
3.037472000122070312e+02
3.048080000877380371e+02
3.058843998908996582e+02
3.069451999664306641e+02
3.079904000759124756e+02
3.090512001514434814e+02
3.101275999546051025e+02
3.111571998596191406e+02
3.122336001396179199e+02
3.132651998996734619e+02
3.143571999073028564e+02
3.153868238925933838e+02
3.164164502620697021e+02
3.174616770744323730e+02
3.185381045341491699e+02
3.196145324707031250e+02
3.206441588401794434e+02
3.216737852096557617e+02
3.227502126693725586e+02
3.237798390388488770e+02
3.248270661830902100e+02
3.258566925525665283e+02
3.268863189220428467e+02
3.279315457344055176e+02
3.289611721038818359e+02
3.300063989162445068e+02
3.310360252857208252e+02
3.320812520980834961e+02
3.331264789104461670e+02
3.341561052799224854e+02
3.351857316493988037e+02
3.362309587001800537e+02
3.372605850696563721e+02
3.382902114391326904e+02
3.393198378086090088e+02
3.403650643825531006e+02
3.414258916378021240e+02
3.424555182456970215e+02
3.435007450580596924e+02
3.445303714275360107e+02
3.455755980014801025e+02
3.466052243709564209e+02
3.476358511447906494e+02
3.486810777187347412e+02
3.497107040882110596e+02
3.507559309005737305e+02
3.518011579513549805e+02
3.528307843208312988e+02
3.538760111331939697e+02
3.549212377071380615e+02
3.559664645195007324e+02
3.569980912208557129e+02
3.581057195663452148e+02
3.591519465446472168e+02
3.601971733570098877e+02
3.612267997264862061e+02
3.622720263004302979e+02
3.633328537940979004e+02
3.643624801635742188e+02
3.653921065330505371e+02
3.664373333454132080e+02
3.674825599193572998e+02
3.685589878559112549e+02
3.695886142253875732e+02
3.706338410377502441e+02
3.716790676116943359e+02
3.727086939811706543e+02
3.745183405876159668e+02
3.755479669570922852e+02
3.765775933265686035e+02
3.776228201389312744e+02
3.786524465084075928e+02
3.797288739681243896e+02
3.807585005760192871e+02
3.817901270389556885e+02
3.828353538513183594e+02
3.838805806636810303e+02
3.849882092475891113e+02
3.860334360599517822e+02
3.870630621910095215e+02
3.881238894462585449e+02
3.891535158157348633e+02
3.902163434028625488e+02
3.912615699768066406e+02
3.923067967891693115e+02
3.933364231586456299e+02
3.943660497665405273e+02
3.954112765789031982e+02
3.964409029483795166e+02
3.974705293178558350e+02
3.985157561302185059e+02
3.995609827041625977e+02
4.005906095504760742e+02
4.016202359199523926e+02
4.026498622894287109e+02
4.036950888633728027e+02
4.047247152328491211e+02
4.057699420452117920e+02
4.067995684146881104e+02
4.078603959083557129e+02
4.089212229251861572e+02
4.099664497375488281e+02
4.110116765499114990e+02
4.120569031238555908e+02
4.131021301746368408e+02
4.141473569869995117e+02
4.151789834499359131e+02
4.162710115909576416e+02
4.173006379604339600e+02
4.183458647727966309e+02
4.193754911422729492e+02
4.204207179546356201e+02
4.214659445285797119e+02
4.224955711364746094e+02
4.235427980422973633e+02
4.245724244117736816e+02
4.256332516670227051e+02
4.267096793651580811e+02
4.277861068248748779e+02
4.288625345230102539e+02
4.298921608924865723e+02
4.309529881477355957e+02
4.319826145172119141e+02
4.330590419769287109e+02
4.341510703563690186e+02
4.351962969303131104e+02
4.362571241855621338e+02
4.373491520881652832e+02
4.384099793434143066e+02
4.394708065986633301e+02
4.405004329681396484e+02
4.415456597805023193e+02
4.425908863544464111e+02
4.436517138481140137e+02
4.447437417507171631e+02
4.458045687675476074e+02
4.468497955799102783e+02
4.478794221878051758e+02
4.489402494430541992e+02
4.499874763488769531e+02
4.510171027183532715e+02
4.520623295307159424e+02
4.530919559001922607e+02
4.541527831554412842e+02
4.551824095249176025e+02
4.562452371120452881e+02
4.572904636859893799e+02
4.583200900554656982e+02
4.593653168678283691e+02
4.603949432373046875e+02
4.614401700496673584e+02
4.625009973049163818e+02
4.635462241172790527e+02
4.646382520198822021e+02
4.656990792751312256e+02
4.667599065303802490e+02
4.677895328998565674e+02
4.688503601551055908e+02
4.699111871719360352e+02
4.709408135414123535e+02
4.719860405921936035e+02
4.730312674045562744e+02
4.740764942169189453e+02
4.751061205863952637e+02
4.761513471603393555e+02
4.772121746540069580e+02
4.782418010234832764e+02
4.792870278358459473e+02
4.803322544097900391e+02
4.813930816650390625e+02
4.824383087158203125e+02
4.834845352172851562e+02
4.845141615867614746e+02
4.855437884330749512e+02
4.866202158927917480e+02
4.876810429096221924e+02
4.887262697219848633e+02
4.897422962188720703e+02
4.907719225883483887e+02
4.918171491622924805e+02
4.928467755317687988e+02
4.939086029529571533e+02
4.949382293224334717e+02
4.959990563392639160e+02
4.970286829471588135e+02
4.980895102024078369e+02
4.992283391952514648e+02
5.002735662460327148e+02
5.013499937057495117e+02
5.023952205181121826e+02
5.034404473304748535e+02
5.044856739044189453e+02
5.055933024883270264e+02
5.066385293006896973e+02
5.076681556701660156e+02
5.087133824825286865e+02
5.097430088520050049e+02
5.107882359027862549e+02
5.118178622722625732e+02
5.128474886417388916e+02
5.138927152156829834e+02
5.149379420280456543e+02
5.160143697261810303e+02
5.170751969814300537e+02
5.181380243301391602e+02
5.191988515853881836e+02
5.202284779548645020e+02
5.212737047672271729e+02
5.223043313026428223e+02
5.233807587623596191e+02
5.244259855747222900e+02
5.254712123870849609e+02
5.265008389949798584e+02
5.275304653644561768e+02
5.285600917339324951e+02
5.295897181034088135e+02
5.306505451202392578e+02
5.316957719326019287e+02
5.327253983020782471e+02
5.337550249099731445e+02
5.348002517223358154e+02
5.358610787391662598e+02
5.369375064373016357e+02
5.379983336925506592e+02
5.390435605049133301e+02
5.401043875217437744e+02
5.411964154243469238e+02
5.422728433609008789e+02
5.433336703777313232e+02
5.443788971900939941e+02
5.454241240024566650e+02
5.464537503719329834e+02
5.474989774227142334e+02
5.485286037921905518e+02
5.495894308090209961e+02
5.506190571784973145e+02
5.516486835479736328e+02
5.526959106922149658e+02
5.537255370616912842e+02
5.547707638740539551e+02
5.558013904094696045e+02
5.568466172218322754e+02
5.579074442386627197e+02
5.589994723796844482e+02
5.600446991920471191e+02
5.610743255615234375e+02
5.621351525783538818e+02
5.631959798336029053e+02
5.642412068843841553e+02
5.653020339012145996e+02
5.663316602706909180e+02
5.673612866401672363e+02
5.684065134525299072e+02
5.694673409461975098e+02
5.705437684059143066e+02
5.716045954227447510e+02
5.726342217922210693e+02
5.736794486045837402e+02
5.747246756553649902e+02
5.758011031150817871e+02
5.768463299274444580e+02
5.779071569442749023e+02
5.789367835521697998e+02
5.799976108074188232e+02
5.810272371768951416e+02
5.820880641937255859e+02
5.831488914489746094e+02
5.841785180568695068e+02
5.852237448692321777e+02
5.862553713321685791e+02
5.873317987918853760e+02
5.883614253997802734e+02
5.893930518627166748e+02
5.904382786750793457e+02
5.914835054874420166e+02
5.925443327426910400e+02
5.935895595550537109e+02
5.946347863674163818e+02
5.956644127368927002e+02
5.966940391063690186e+02
5.977548661231994629e+02
5.988000931739807129e+02
5.998765206336975098e+02
6.009061470031738281e+02
6.020137755870819092e+02
6.031058034896850586e+02
6.041354298591613770e+02
6.051806566715240479e+02
6.062258834838867188e+02
6.072867107391357422e+02
6.083631384372711182e+02
6.094083650112152100e+02
6.104535918235778809e+02
6.114988188743591309e+02
6.125284452438354492e+02
6.135892722606658936e+02
6.146188957691192627e+02
6.156641025543212891e+02
6.167249093055725098e+02
6.177545156478881836e+02
6.187997224330902100e+02
6.198293292522430420e+02
6.208911359310150146e+02
6.219383430480957031e+02
6.229679496288299561e+02
6.240131561756134033e+02
6.250583629608154297e+02
6.261503698825836182e+02
6.272267768383026123e+02
6.282719836235046387e+02
6.293483903408050537e+02
6.303935971260070801e+02
6.314544038772583008e+02
6.324840104579925537e+02
6.335292172431945801e+02
6.345744237899780273e+02
6.356508309841156006e+02
6.367116374969482422e+02
6.377880446910858154e+02
6.388800516128540039e+02
6.399096581935882568e+02
6.409704647064208984e+02
6.420000715255737305e+02
6.430296781063079834e+02
6.440748848915100098e+02
6.451044914722442627e+02
6.461652982234954834e+02
6.471949048042297363e+02
6.482245116233825684e+02
6.492697181701660156e+02
6.503461251258850098e+02
6.514069316387176514e+02
6.524365384578704834e+02
6.534973452091217041e+02
6.545269517898559570e+02
6.555449588298797607e+02
6.566057653427124023e+02
6.576353721618652344e+02
6.586961789131164551e+02
6.597423856258392334e+02
6.607719924449920654e+02
6.618171992301940918e+02
6.628624057769775391e+02
6.639076125621795654e+02
6.649684190750122070e+02
6.659980256557464600e+02
6.670900328159332275e+02
6.681664397716522217e+02
6.692272465229034424e+02
6.702568531036376953e+02
6.713020598888397217e+02
6.723466823101043701e+02
6.733762891292572021e+02
6.744370958805084229e+02
6.754667026996612549e+02
6.765275092124938965e+02
6.775727159976959229e+02
6.786959233283996582e+02
6.798191304206848145e+02
6.808799374103546143e+02
6.819251439571380615e+02
6.829703507423400879e+02
6.840623574256896973e+02
6.851387646198272705e+02
6.861995711326599121e+02
6.872447779178619385e+02
6.882763848304748535e+02
6.893235917091369629e+02
6.903687984943389893e+02
6.914608054161071777e+02
6.925216124057769775e+02
6.935512187480926514e+02
6.946120257377624512e+02
6.956416323184967041e+02
6.967024388313293457e+02
6.977476456165313721e+02
6.988240525722503662e+02
6.998848593235015869e+02
7.009300661087036133e+02
7.019908728599548340e+02
7.030360796451568604e+02
7.040656862258911133e+02
7.051108927726745605e+02
7.061404995918273926e+02
7.072013063430786133e+02
7.082465128898620605e+02
7.093385200500488281e+02
7.103993268013000488e+02
7.114601335525512695e+02
7.125053403377532959e+02
7.135349469184875488e+02
7.145957536697387695e+02
7.156253604888916016e+02
7.167173674106597900e+02
7.177781741619110107e+02
7.188077807426452637e+02
7.198529875278472900e+02
7.209137942790985107e+02
7.219922013282775879e+02
7.230686082839965820e+02
7.241304152011871338e+02
7.252068219184875488e+02
7.262676289081573486e+02
7.273284356594085693e+02
7.284048426151275635e+02
7.294344491958618164e+02
7.304640557765960693e+02
7.315092623233795166e+02
7.325388691425323486e+02
7.335684757232666016e+02
7.345980823040008545e+02
7.356432888507843018e+02
7.366884956359863281e+02
7.377181022167205811e+02
7.387633087635040283e+02
7.398397159576416016e+02
7.408849225044250488e+02
7.419457292556762695e+02
7.429909360408782959e+02
7.440361425876617432e+02
7.450969495773315430e+02
7.461733562946319580e+02
7.472341632843017578e+02
7.482637698650360107e+02
7.493557767868041992e+02
7.504477837085723877e+02
7.515085906982421875e+02
7.525537974834442139e+02
7.535834038257598877e+02
7.546442108154296875e+02
7.556914176940917969e+02
7.567990245819091797e+02
7.578764317035675049e+02
7.589060382843017578e+02
7.599980452060699463e+02
7.610276517868041992e+02
7.620728585720062256e+02
7.631336653232574463e+02
7.641632719039916992e+02
7.652084786891937256e+02
7.662380855083465576e+02
7.672676918506622314e+02
7.682972984313964844e+02
7.693269050121307373e+02
7.703721117973327637e+02
7.714017183780670166e+02
7.724625251293182373e+02
7.735077319145202637e+02
7.745373384952545166e+02
7.756137454509735107e+02
7.766745524406433105e+02
7.777977595329284668e+02
7.788741662502288818e+02
7.799037730693817139e+02
7.809801797866821289e+02
7.820409867763519287e+02
7.830861935615539551e+02
7.841313998699188232e+02
7.851766066551208496e+02
7.862374134063720703e+02
7.872826201915740967e+02
7.883610274791717529e+02
7.894374341964721680e+02
7.904982409477233887e+02
7.915278477668762207e+02
7.925906546115875244e+02
7.936670615673065186e+02
7.947132682800292969e+02
7.957584750652313232e+02
7.967880816459655762e+02
7.978332881927490234e+02
7.988628947734832764e+02
7.999237017631530762e+02
8.009689083099365234e+02
8.020141150951385498e+02
8.030593218803405762e+02
8.041045284271240234e+02
8.051653354167938232e+02
8.062105422019958496e+02
8.072713487148284912e+02
8.083165555000305176e+02
8.093773622512817383e+02
8.104537692070007324e+02
8.115145759582519531e+02
8.125597827434539795e+02
8.135893893241882324e+02
8.146501960754394531e+02
8.156954028606414795e+02
8.167562096118927002e+02
8.178014161586761475e+02
8.188466229438781738e+02
8.199698302745819092e+02
8.209994368553161621e+02
8.220622439384460449e+02
8.230918505191802979e+02
8.241370570659637451e+02
8.251822638511657715e+02
8.262118704319000244e+02
8.272434773445129395e+02
8.282730839252471924e+02
8.293494906425476074e+02
8.303946974277496338e+02
8.314243040084838867e+02
8.324695107936859131e+02
8.335147175788879395e+02
8.345599238872528076e+02
8.355895307064056396e+02
8.366659376621246338e+02
8.377267444133758545e+02
8.387875511646270752e+02
8.398327579498291016e+02
8.408779644966125488e+02
8.419231712818145752e+02
8.429683780670166016e+02
8.439979846477508545e+02
8.450431914329528809e+02
8.461039981842041016e+02
8.471960051059722900e+02
8.482568118572235107e+02
8.493176186084747314e+02
8.503628253936767578e+02
8.514236321449279785e+02
8.524844391345977783e+02
8.535608458518981934e+02
8.545904524326324463e+02
8.556678595542907715e+02
8.567130663394927979e+02
8.577426729202270508e+02
8.587878794670104980e+02
8.598174860477447510e+02
8.609094929695129395e+02
8.619713001251220703e+02
8.630165066719055176e+02
8.640773136615753174e+02
8.651069202423095703e+02
8.661521267890930176e+02
8.671973335742950439e+02
8.682425403594970703e+02
8.692877469062805176e+02
8.703173534870147705e+02
8.713625602722167969e+02
8.723921668529510498e+02
8.734373733997344971e+02
8.744669802188873291e+02
8.755121870040893555e+02
8.765417933464050293e+02
8.775713999271392822e+02
8.786166067123413086e+02
8.796774134635925293e+02
8.807382202148437500e+02
8.817834270000457764e+02
8.828598339557647705e+02
8.839050407409667969e+02
8.849658472537994385e+02
8.860266542434692383e+02
8.870562608242034912e+02
8.881170675754547119e+02
8.891632745265960693e+02
8.902708816528320312e+02
8.913160884380340576e+02
8.923768949508666992e+02
8.934221017360687256e+02
8.944517085552215576e+02
8.955125150680541992e+02
8.965587217807769775e+02
8.976351289749145508e+02
8.986803357601165771e+02
8.997255420684814453e+02
9.007863490581512451e+02
9.018939561843872070e+02
9.029859631061553955e+02
9.040311698913574219e+02
9.050919766426086426e+02
9.061527833938598633e+02
9.071979901790618896e+02
9.082743968963623047e+02
9.093040037155151367e+02
9.103648104667663574e+02
9.114100170135498047e+02
9.124552237987518311e+02
9.135316305160522461e+02
9.146080367565155029e+02
9.156532368659973145e+02
9.166828367710113525e+02
9.177436368465423584e+02
9.188044366836547852e+02
9.198652367591857910e+02
9.209104366302490234e+02
9.219420368671417236e+02
9.229872367382049561e+02
9.240168366432189941e+02
9.250932366847991943e+02
9.261696367263793945e+02
9.271992366313934326e+02
9.282444367408752441e+02
9.292740368843078613e+02
9.303056366443634033e+02
9.313664367198944092e+02
9.323960366249084473e+02
9.334568367004394531e+02
9.344864366054534912e+02
9.355154368877410889e+02
9.365356366634368896e+02
9.376208367347717285e+02
