3.119993209838867188e-02
1.560020446777343750e-02
1.559972763061523438e-02
0.000000000000000000e+00
0.000000000000000000e+00
0.000000000000000000e+00
1.559972763061523438e-02
1.559996604919433594e-02
1.559996604919433594e-02
0.000000000000000000e+00
0.000000000000000000e+00
1.560020446777343750e-02
0.000000000000000000e+00
3.120017051696777344e-02
0.000000000000000000e+00
0.000000000000000000e+00
3.119993209838867188e-02
0.000000000000000000e+00
3.119993209838867188e-02
0.000000000000000000e+00
0.000000000000000000e+00
0.000000000000000000e+00
0.000000000000000000e+00
4.679989814758300781e-02
3.120017051696777344e-02
0.000000000000000000e+00
0.000000000000000000e+00
4.680013656616210938e-02
0.000000000000000000e+00
1.559996604919433594e-02
0.000000000000000000e+00
0.000000000000000000e+00
0.000000000000000000e+00
0.000000000000000000e+00
1.559996604919433594e-02
0.000000000000000000e+00
0.000000000000000000e+00
1.560020446777343750e-02
1.560020446777343750e-02
0.000000000000000000e+00
0.000000000000000000e+00
1.560020446777343750e-02
3.120017051696777344e-02
0.000000000000000000e+00
0.000000000000000000e+00
0.000000000000000000e+00
0.000000000000000000e+00
0.000000000000000000e+00
0.000000000000000000e+00
0.000000000000000000e+00
0.000000000000000000e+00
0.000000000000000000e+00
0.000000000000000000e+00
0.000000000000000000e+00
0.000000000000000000e+00
0.000000000000000000e+00
0.000000000000000000e+00
0.000000000000000000e+00
0.000000000000000000e+00
0.000000000000000000e+00
0.000000000000000000e+00
0.000000000000000000e+00
0.000000000000000000e+00
1.560020446777343750e-02
0.000000000000000000e+00
1.559996604919433594e-02
1.560020446777343750e-02
0.000000000000000000e+00
3.119993209838867188e-02
0.000000000000000000e+00
1.559996604919433594e-02
0.000000000000000000e+00
1.559972763061523438e-02
1.559996604919433594e-02
0.000000000000000000e+00
1.559972763061523438e-02
0.000000000000000000e+00
0.000000000000000000e+00
0.000000000000000000e+00
1.559996604919433594e-02
1.559996604919433594e-02
1.560020446777343750e-02
0.000000000000000000e+00
0.000000000000000000e+00
0.000000000000000000e+00
0.000000000000000000e+00
3.120017051696777344e-02
1.559972763061523438e-02
0.000000000000000000e+00
1.559972763061523438e-02
4.679989814758300781e-02
1.559996604919433594e-02
1.559996604919433594e-02
0.000000000000000000e+00
0.000000000000000000e+00
0.000000000000000000e+00
0.000000000000000000e+00
0.000000000000000000e+00
0.000000000000000000e+00
1.560020446777343750e-02
0.000000000000000000e+00
1.559996604919433594e-02
0.000000000000000000e+00
0.000000000000000000e+00
0.000000000000000000e+00
0.000000000000000000e+00
0.000000000000000000e+00
1.560020446777343750e-02
0.000000000000000000e+00
0.000000000000000000e+00
0.000000000000000000e+00
1.559996604919433594e-02
0.000000000000000000e+00
0.000000000000000000e+00
0.000000000000000000e+00
0.000000000000000000e+00
1.559972763061523438e-02
0.000000000000000000e+00
0.000000000000000000e+00
0.000000000000000000e+00
0.000000000000000000e+00
0.000000000000000000e+00
0.000000000000000000e+00
0.000000000000000000e+00
0.000000000000000000e+00
0.000000000000000000e+00
0.000000000000000000e+00
0.000000000000000000e+00
0.000000000000000000e+00
1.559996604919433594e-02
0.000000000000000000e+00
0.000000000000000000e+00
1.559972763061523438e-02
1.559996604919433594e-02
0.000000000000000000e+00
0.000000000000000000e+00
3.219985961914062500e-02
0.000000000000000000e+00
3.119993209838867188e-02
1.560020446777343750e-02
0.000000000000000000e+00
1.559972763061523438e-02
0.000000000000000000e+00
1.559972763061523438e-02
0.000000000000000000e+00
0.000000000000000000e+00
0.000000000000000000e+00
0.000000000000000000e+00
0.000000000000000000e+00
1.559996604919433594e-02
0.000000000000000000e+00
0.000000000000000000e+00
1.660013198852539062e-02
0.000000000000000000e+00
0.000000000000000000e+00
0.000000000000000000e+00
1.559996604919433594e-02
0.000000000000000000e+00
0.000000000000000000e+00
1.560020446777343750e-02
0.000000000000000000e+00
0.000000000000000000e+00
0.000000000000000000e+00
0.000000000000000000e+00
1.559996604919433594e-02
3.119993209838867188e-02
0.000000000000000000e+00
0.000000000000000000e+00
0.000000000000000000e+00
0.000000000000000000e+00
1.559996604919433594e-02
0.000000000000000000e+00
1.559996604919433594e-02
0.000000000000000000e+00
1.559996604919433594e-02
1.559996604919433594e-02
0.000000000000000000e+00
0.000000000000000000e+00
0.000000000000000000e+00
3.120017051696777344e-02
0.000000000000000000e+00
0.000000000000000000e+00
0.000000000000000000e+00
0.000000000000000000e+00
0.000000000000000000e+00
0.000000000000000000e+00
0.000000000000000000e+00
0.000000000000000000e+00
0.000000000000000000e+00
0.000000000000000000e+00
1.559996604919433594e-02
0.000000000000000000e+00
0.000000000000000000e+00
3.120017051696777344e-02
1.560020446777343750e-02
1.559996604919433594e-02
0.000000000000000000e+00
0.000000000000000000e+00
0.000000000000000000e+00
1.559996604919433594e-02
0.000000000000000000e+00
3.120017051696777344e-02
0.000000000000000000e+00
0.000000000000000000e+00
0.000000000000000000e+00
1.559972763061523438e-02
3.120017051696777344e-02
1.559996604919433594e-02
0.000000000000000000e+00
0.000000000000000000e+00
0.000000000000000000e+00
0.000000000000000000e+00
1.559972763061523438e-02
0.000000000000000000e+00
0.000000000000000000e+00
1.560020446777343750e-02
0.000000000000000000e+00
0.000000000000000000e+00
0.000000000000000000e+00
0.000000000000000000e+00
1.559996604919433594e-02
0.000000000000000000e+00
0.000000000000000000e+00
1.559972763061523438e-02
0.000000000000000000e+00
0.000000000000000000e+00
0.000000000000000000e+00
0.000000000000000000e+00
0.000000000000000000e+00
0.000000000000000000e+00
1.559996604919433594e-02
0.000000000000000000e+00
0.000000000000000000e+00
0.000000000000000000e+00
0.000000000000000000e+00
3.119993209838867188e-02
1.560020446777343750e-02
0.000000000000000000e+00
0.000000000000000000e+00
0.000000000000000000e+00
1.559996604919433594e-02
0.000000000000000000e+00
3.119993209838867188e-02
0.000000000000000000e+00
0.000000000000000000e+00
1.560020446777343750e-02
0.000000000000000000e+00
3.119993209838867188e-02
0.000000000000000000e+00
0.000000000000000000e+00
0.000000000000000000e+00
0.000000000000000000e+00
3.120017051696777344e-02
0.000000000000000000e+00
0.000000000000000000e+00
0.000000000000000000e+00
0.000000000000000000e+00
1.559996604919433594e-02
0.000000000000000000e+00
0.000000000000000000e+00
1.560020446777343750e-02
0.000000000000000000e+00
1.559972763061523438e-02
1.559996604919433594e-02
1.559996604919433594e-02
3.120017051696777344e-02
3.119993209838867188e-02
1.559996604919433594e-02
1.559996604919433594e-02
0.000000000000000000e+00
1.559996604919433594e-02
0.000000000000000000e+00
1.559996604919433594e-02
1.559996604919433594e-02
0.000000000000000000e+00
1.559996604919433594e-02
0.000000000000000000e+00
0.000000000000000000e+00
1.559996604919433594e-02
0.000000000000000000e+00
0.000000000000000000e+00
0.000000000000000000e+00
0.000000000000000000e+00
0.000000000000000000e+00
0.000000000000000000e+00
1.559996604919433594e-02
0.000000000000000000e+00
3.119993209838867188e-02
3.119993209838867188e-02
3.119993209838867188e-02
1.560020446777343750e-02
0.000000000000000000e+00
4.679989814758300781e-02
0.000000000000000000e+00
1.559972763061523438e-02
1.559996604919433594e-02
0.000000000000000000e+00
0.000000000000000000e+00
0.000000000000000000e+00
0.000000000000000000e+00
0.000000000000000000e+00
0.000000000000000000e+00
1.560020446777343750e-02
0.000000000000000000e+00
4.680132865905761719e-02
0.000000000000000000e+00
0.000000000000000000e+00
0.000000000000000000e+00
0.000000000000000000e+00
0.000000000000000000e+00
0.000000000000000000e+00
0.000000000000000000e+00
0.000000000000000000e+00
0.000000000000000000e+00
0.000000000000000000e+00
0.000000000000000000e+00
0.000000000000000000e+00
1.560020446777343750e-02
0.000000000000000000e+00
0.000000000000000000e+00
0.000000000000000000e+00
0.000000000000000000e+00
0.000000000000000000e+00
0.000000000000000000e+00
0.000000000000000000e+00
0.000000000000000000e+00
0.000000000000000000e+00
0.000000000000000000e+00
0.000000000000000000e+00
0.000000000000000000e+00
0.000000000000000000e+00
0.000000000000000000e+00
0.000000000000000000e+00
0.000000000000000000e+00
0.000000000000000000e+00
0.000000000000000000e+00
0.000000000000000000e+00
0.000000000000000000e+00
0.000000000000000000e+00
1.560044288635253906e-02
0.000000000000000000e+00
1.560044288635253906e-02
4.680109024047851562e-02
0.000000000000000000e+00
1.560044288635253906e-02
0.000000000000000000e+00
1.560044288635253906e-02
0.000000000000000000e+00
0.000000000000000000e+00
1.560044288635253906e-02
0.000000000000000000e+00
1.560044288635253906e-02
0.000000000000000000e+00
0.000000000000000000e+00
1.560044288635253906e-02
0.000000000000000000e+00
1.560020446777343750e-02
7.332184314727783203e-01
0.000000000000000000e+00
1.560044288635253906e-02
0.000000000000000000e+00
0.000000000000000000e+00
0.000000000000000000e+00
0.000000000000000000e+00
0.000000000000000000e+00
0.000000000000000000e+00
1.560044288635253906e-02
0.000000000000000000e+00
1.560044288635253906e-02
0.000000000000000000e+00
0.000000000000000000e+00
1.560044288635253906e-02
0.000000000000000000e+00
1.560044288635253906e-02
0.000000000000000000e+00
0.000000000000000000e+00
0.000000000000000000e+00
0.000000000000000000e+00
0.000000000000000000e+00
0.000000000000000000e+00
0.000000000000000000e+00
1.560044288635253906e-02
0.000000000000000000e+00
0.000000000000000000e+00
0.000000000000000000e+00
0.000000000000000000e+00
0.000000000000000000e+00
0.000000000000000000e+00
0.000000000000000000e+00
1.560044288635253906e-02
0.000000000000000000e+00
3.120088577270507812e-02
0.000000000000000000e+00
1.560044288635253906e-02
0.000000000000000000e+00
0.000000000000000000e+00
0.000000000000000000e+00
0.000000000000000000e+00
0.000000000000000000e+00
0.000000000000000000e+00
0.000000000000000000e+00
1.560044288635253906e-02
0.000000000000000000e+00
0.000000000000000000e+00
0.000000000000000000e+00
0.000000000000000000e+00
0.000000000000000000e+00
3.120064735412597656e-02
1.560044288635253906e-02
0.000000000000000000e+00
0.000000000000000000e+00
1.560020446777343750e-02
0.000000000000000000e+00
3.120088577270507812e-02
3.120088577270507812e-02
1.560020446777343750e-02
0.000000000000000000e+00
3.120064735412597656e-02
4.680132865905761719e-02
0.000000000000000000e+00
0.000000000000000000e+00
0.000000000000000000e+00
1.560044288635253906e-02
1.560068130493164062e-02
1.560044288635253906e-02
1.560020446777343750e-02
0.000000000000000000e+00
1.560068130493164062e-02
1.560044288635253906e-02
0.000000000000000000e+00
0.000000000000000000e+00
0.000000000000000000e+00
0.000000000000000000e+00
0.000000000000000000e+00
1.560044288635253906e-02
1.560044288635253906e-02
0.000000000000000000e+00
0.000000000000000000e+00
0.000000000000000000e+00
1.560044288635253906e-02
0.000000000000000000e+00
0.000000000000000000e+00
1.560020446777343750e-02
1.560020446777343750e-02
1.560044288635253906e-02
0.000000000000000000e+00
0.000000000000000000e+00
3.120064735412597656e-02
0.000000000000000000e+00
0.000000000000000000e+00
0.000000000000000000e+00
1.560044288635253906e-02
0.000000000000000000e+00
0.000000000000000000e+00
1.560020446777343750e-02
0.000000000000000000e+00
0.000000000000000000e+00
0.000000000000000000e+00
1.560044288635253906e-02
0.000000000000000000e+00
1.560044288635253906e-02
0.000000000000000000e+00
0.000000000000000000e+00
0.000000000000000000e+00
1.560044288635253906e-02
1.560044288635253906e-02
0.000000000000000000e+00
0.000000000000000000e+00
1.560044288635253906e-02
0.000000000000000000e+00
0.000000000000000000e+00
0.000000000000000000e+00
1.560044288635253906e-02
0.000000000000000000e+00
0.000000000000000000e+00
3.120088577270507812e-02
3.120064735412597656e-02
1.560068130493164062e-02
0.000000000000000000e+00
1.560044288635253906e-02
0.000000000000000000e+00
1.560044288635253906e-02
1.560044288635253906e-02
0.000000000000000000e+00
0.000000000000000000e+00
0.000000000000000000e+00
0.000000000000000000e+00
0.000000000000000000e+00
0.000000000000000000e+00
0.000000000000000000e+00
0.000000000000000000e+00
1.560020446777343750e-02
3.120112419128417969e-02
1.560044288635253906e-02
0.000000000000000000e+00
0.000000000000000000e+00
0.000000000000000000e+00
0.000000000000000000e+00
0.000000000000000000e+00
1.560020446777343750e-02
0.000000000000000000e+00
1.560044288635253906e-02
0.000000000000000000e+00
0.000000000000000000e+00
0.000000000000000000e+00
0.000000000000000000e+00
0.000000000000000000e+00
0.000000000000000000e+00
0.000000000000000000e+00
0.000000000000000000e+00
1.560044288635253906e-02
0.000000000000000000e+00
1.560044288635253906e-02
0.000000000000000000e+00
0.000000000000000000e+00
3.120088577270507812e-02
4.680109024047851562e-02
3.120088577270507812e-02
0.000000000000000000e+00
0.000000000000000000e+00
0.000000000000000000e+00
0.000000000000000000e+00
0.000000000000000000e+00
1.560044288635253906e-02
0.000000000000000000e+00
0.000000000000000000e+00
1.560044288635253906e-02
0.000000000000000000e+00
0.000000000000000000e+00
0.000000000000000000e+00
0.000000000000000000e+00
1.560044288635253906e-02
0.000000000000000000e+00
3.120088577270507812e-02
0.000000000000000000e+00
1.560044288635253906e-02
3.120064735412597656e-02
1.560044288635253906e-02
0.000000000000000000e+00
0.000000000000000000e+00
0.000000000000000000e+00
0.000000000000000000e+00
1.560044288635253906e-02
0.000000000000000000e+00
3.120064735412597656e-02
0.000000000000000000e+00
0.000000000000000000e+00
1.560020446777343750e-02
1.560044288635253906e-02
1.560044288635253906e-02
1.560044288635253906e-02
0.000000000000000000e+00
1.560044288635253906e-02
0.000000000000000000e+00
0.000000000000000000e+00
1.560044288635253906e-02
0.000000000000000000e+00
0.000000000000000000e+00
0.000000000000000000e+00
1.560044288635253906e-02
0.000000000000000000e+00
0.000000000000000000e+00
0.000000000000000000e+00
0.000000000000000000e+00
1.560044288635253906e-02
0.000000000000000000e+00
0.000000000000000000e+00
1.560044288635253906e-02
0.000000000000000000e+00
0.000000000000000000e+00
0.000000000000000000e+00
1.560020446777343750e-02
0.000000000000000000e+00
0.000000000000000000e+00
1.560020446777343750e-02
0.000000000000000000e+00
0.000000000000000000e+00
0.000000000000000000e+00
1.560044288635253906e-02
1.560020446777343750e-02
1.560044288635253906e-02
0.000000000000000000e+00
0.000000000000000000e+00
0.000000000000000000e+00
0.000000000000000000e+00
0.000000000000000000e+00
0.000000000000000000e+00
1.560020446777343750e-02
0.000000000000000000e+00
0.000000000000000000e+00
0.000000000000000000e+00
0.000000000000000000e+00
0.000000000000000000e+00
0.000000000000000000e+00
0.000000000000000000e+00
0.000000000000000000e+00
1.560020446777343750e-02
3.120017051696777344e-02
0.000000000000000000e+00
1.559996604919433594e-02
0.000000000000000000e+00
1.560020446777343750e-02
0.000000000000000000e+00
0.000000000000000000e+00
0.000000000000000000e+00
1.559996604919433594e-02
1.560020446777343750e-02
3.119993209838867188e-02
3.120040893554687500e-02
0.000000000000000000e+00
0.000000000000000000e+00
0.000000000000000000e+00
0.000000000000000000e+00
0.000000000000000000e+00
0.000000000000000000e+00
0.000000000000000000e+00
0.000000000000000000e+00
0.000000000000000000e+00
1.560020446777343750e-02
0.000000000000000000e+00
3.120017051696777344e-02
0.000000000000000000e+00
1.560020446777343750e-02
0.000000000000000000e+00
0.000000000000000000e+00
1.560020446777343750e-02
0.000000000000000000e+00
0.000000000000000000e+00
0.000000000000000000e+00
0.000000000000000000e+00
0.000000000000000000e+00
0.000000000000000000e+00
1.560020446777343750e-02
1.560020446777343750e-02
0.000000000000000000e+00
0.000000000000000000e+00
1.560020446777343750e-02
1.560020446777343750e-02
0.000000000000000000e+00
0.000000000000000000e+00
1.560020446777343750e-02
0.000000000000000000e+00
0.000000000000000000e+00
0.000000000000000000e+00
1.560020446777343750e-02
0.000000000000000000e+00
1.560020446777343750e-02
6.240034103393554688e-02
3.120017051696777344e-02
0.000000000000000000e+00
0.000000000000000000e+00
1.560020446777343750e-02
1.559996604919433594e-02
3.120017051696777344e-02
1.559996604919433594e-02
0.000000000000000000e+00
0.000000000000000000e+00
0.000000000000000000e+00
0.000000000000000000e+00
1.559996604919433594e-02
0.000000000000000000e+00
1.559996604919433594e-02
0.000000000000000000e+00
0.000000000000000000e+00
0.000000000000000000e+00
1.560020446777343750e-02
3.120017051696777344e-02
1.559996604919433594e-02
1.559996604919433594e-02
0.000000000000000000e+00
0.000000000000000000e+00
0.000000000000000000e+00
0.000000000000000000e+00
0.000000000000000000e+00
0.000000000000000000e+00
0.000000000000000000e+00
6.240057945251464844e-02
0.000000000000000000e+00
1.560020446777343750e-02
0.000000000000000000e+00
0.000000000000000000e+00
1.560020446777343750e-02
0.000000000000000000e+00
1.560020446777343750e-02
0.000000000000000000e+00
0.000000000000000000e+00
0.000000000000000000e+00
1.560020446777343750e-02
3.120017051696777344e-02
1.559996604919433594e-02
1.560020446777343750e-02
3.119993209838867188e-02
0.000000000000000000e+00
4.680037498474121094e-02
0.000000000000000000e+00
0.000000000000000000e+00
0.000000000000000000e+00
0.000000000000000000e+00
0.000000000000000000e+00
0.000000000000000000e+00
0.000000000000000000e+00
1.559996604919433594e-02
0.000000000000000000e+00
1.559996604919433594e-02
1.559996604919433594e-02
0.000000000000000000e+00
1.560020446777343750e-02
0.000000000000000000e+00
1.560020446777343750e-02
1.560020446777343750e-02
3.120040893554687500e-02
1.559972763061523438e-02
0.000000000000000000e+00
0.000000000000000000e+00
3.120017051696777344e-02
0.000000000000000000e+00
1.560020446777343750e-02
0.000000000000000000e+00
0.000000000000000000e+00
0.000000000000000000e+00
1.560020446777343750e-02
4.680013656616210938e-02
0.000000000000000000e+00
1.560020446777343750e-02
0.000000000000000000e+00
0.000000000000000000e+00
1.559996604919433594e-02
0.000000000000000000e+00
0.000000000000000000e+00
0.000000000000000000e+00
0.000000000000000000e+00
0.000000000000000000e+00
0.000000000000000000e+00
0.000000000000000000e+00
0.000000000000000000e+00
0.000000000000000000e+00
1.560020446777343750e-02
0.000000000000000000e+00
1.559996604919433594e-02
0.000000000000000000e+00
3.120017051696777344e-02
4.680037498474121094e-02
0.000000000000000000e+00
1.560020446777343750e-02
0.000000000000000000e+00
3.120040893554687500e-02
0.000000000000000000e+00
3.120017051696777344e-02
0.000000000000000000e+00
3.120017051696777344e-02
0.000000000000000000e+00
3.120040893554687500e-02
0.000000000000000000e+00
0.000000000000000000e+00
0.000000000000000000e+00
1.560020446777343750e-02
1.559996604919433594e-02
0.000000000000000000e+00
0.000000000000000000e+00
0.000000000000000000e+00
0.000000000000000000e+00
0.000000000000000000e+00
0.000000000000000000e+00
0.000000000000000000e+00
1.559996604919433594e-02
0.000000000000000000e+00
1.559996604919433594e-02
1.560020446777343750e-02
0.000000000000000000e+00
0.000000000000000000e+00
1.560020446777343750e-02
1.559996604919433594e-02
3.120017051696777344e-02
0.000000000000000000e+00
0.000000000000000000e+00
1.560020446777343750e-02
0.000000000000000000e+00
1.560020446777343750e-02
1.559996604919433594e-02
0.000000000000000000e+00
1.560020446777343750e-02
0.000000000000000000e+00
1.560020446777343750e-02
0.000000000000000000e+00
1.560020446777343750e-02
0.000000000000000000e+00
0.000000000000000000e+00
0.000000000000000000e+00
0.000000000000000000e+00
0.000000000000000000e+00
3.120040893554687500e-02
0.000000000000000000e+00
0.000000000000000000e+00
0.000000000000000000e+00
3.120040893554687500e-02
0.000000000000000000e+00
0.000000000000000000e+00
0.000000000000000000e+00
1.559996604919433594e-02
0.000000000000000000e+00
0.000000000000000000e+00
1.560020446777343750e-02
0.000000000000000000e+00
0.000000000000000000e+00
0.000000000000000000e+00
0.000000000000000000e+00
3.120040893554687500e-02
3.120040893554687500e-02
1.559996604919433594e-02
0.000000000000000000e+00
0.000000000000000000e+00
0.000000000000000000e+00
3.120017051696777344e-02
0.000000000000000000e+00
1.559996604919433594e-02
1.560020446777343750e-02
0.000000000000000000e+00
0.000000000000000000e+00
0.000000000000000000e+00
1.559996604919433594e-02
3.120040893554687500e-02
0.000000000000000000e+00
1.559996604919433594e-02
0.000000000000000000e+00
0.000000000000000000e+00
0.000000000000000000e+00
1.559996604919433594e-02
0.000000000000000000e+00
0.000000000000000000e+00
0.000000000000000000e+00
0.000000000000000000e+00
0.000000000000000000e+00
0.000000000000000000e+00
0.000000000000000000e+00
0.000000000000000000e+00
0.000000000000000000e+00
1.559996604919433594e-02
0.000000000000000000e+00
1.559996604919433594e-02
0.000000000000000000e+00
1.559996604919433594e-02
0.000000000000000000e+00
1.560020446777343750e-02
1.559996604919433594e-02
0.000000000000000000e+00
1.559996604919433594e-02
0.000000000000000000e+00
1.559996604919433594e-02
0.000000000000000000e+00
3.120040893554687500e-02
0.000000000000000000e+00
0.000000000000000000e+00
0.000000000000000000e+00
0.000000000000000000e+00
1.560020446777343750e-02
0.000000000000000000e+00
1.560020446777343750e-02
1.559996604919433594e-02
0.000000000000000000e+00
3.120017051696777344e-02
3.119993209838867188e-02
0.000000000000000000e+00
1.559996604919433594e-02
0.000000000000000000e+00
1.559996604919433594e-02
1.560020446777343750e-02
1.560020446777343750e-02
0.000000000000000000e+00
1.560020446777343750e-02
0.000000000000000000e+00
1.559996604919433594e-02
1.560020446777343750e-02
0.000000000000000000e+00
0.000000000000000000e+00
0.000000000000000000e+00
4.680013656616210938e-02
0.000000000000000000e+00
0.000000000000000000e+00
1.560020446777343750e-02
0.000000000000000000e+00
1.559996604919433594e-02
1.559996604919433594e-02
0.000000000000000000e+00
0.000000000000000000e+00
0.000000000000000000e+00
0.000000000000000000e+00
1.559996604919433594e-02
0.000000000000000000e+00
1.559996604919433594e-02
0.000000000000000000e+00
0.000000000000000000e+00
0.000000000000000000e+00
4.999876022338867188e-03
1.560020446777343750e-02
