5.278339958749711514e-04
4.896023892797529697e-04
4.896023892797529697e-04
4.496099427342414856e-04
4.056850910186767578e+00
4.056850910186767578e+00
9.196209907531738281e+00
9.196209907531738281e+00
1.545931339263916016e+01
2.195627212524414062e+01
2.195627212524414062e+01
2.290310096740722656e+01
2.779880142211914062e+01
2.779880142211914062e+01
3.301102447509765625e+01
3.784572219848632812e+01
3.784572219848632812e+01
3.779584884643554688e+01
4.161223220825195312e+01
4.161223220825195312e+01
4.582393646240234375e+01
4.973057937622070312e+01
4.973057937622070312e+01
4.936522293090820312e+01
5.270917129516601562e+01
5.270917129516601562e+01
5.611711120605468750e+01
5.902779006958007812e+01
5.902779006958007812e+01
5.800684738159179688e+01
5.892897796630859375e+01
5.892897796630859375e+01
6.151708984375000000e+01
6.321549987792968750e+01
6.321549987792968750e+01
6.144527816772460938e+01
6.078078079223632812e+01
6.078078079223632812e+01
6.242956542968750000e+01
6.265431976318359375e+01
6.265431976318359375e+01
6.065954971313476562e+01
5.929339599609375000e+01
5.929339599609375000e+01
6.092761993408203125e+01
6.127432632446289062e+01
5.940916824340820312e+01
5.940916824340820312e+01
6.060239028930664062e+01
6.092525482177734375e+01
6.092525482177734375e+01
6.011552810668945312e+01
5.941994094848632812e+01
5.941994094848632812e+01
5.985592651367187500e+01
5.992852783203125000e+01
5.992852783203125000e+01
5.965607833862304688e+01
5.938216400146484375e+01
5.938216400146484375e+01
5.963430404663085938e+01
5.971551132202148438e+01
5.971551132202148438e+01
5.963862609863281250e+01
5.964400100708007812e+01
5.964400100708007812e+01
5.972961807250976562e+01
5.984145355224609375e+01
5.984145355224609375e+01
5.982789230346679688e+01
5.989431381225585938e+01
5.989431381225585938e+01
5.992653274536132812e+01
6.001338958740234375e+01
6.001338958740234375e+01
6.000762939453125000e+01
6.005363845825195312e+01
6.005363845825195312e+01
6.005132675170898438e+01
6.008169937133789062e+01
6.008169937133789062e+01
6.007187652587890625e+01
6.007187652587890625e+01
6.007790374755859375e+01
6.008036041259765625e+01
6.008036041259765625e+01
6.007052993774414062e+01
6.005569076538085938e+01
6.004705047607421875e+01
6.004705047607421875e+01
6.004043960571289062e+01
6.004043960571289062e+01
6.002132415771484375e+01
5.999945068359375000e+01
5.999945068359375000e+01
5.999753570556640625e+01
5.998914718627929688e+01
5.998265075683593750e+01
5.998265075683593750e+01
5.998653030395507812e+01
5.998523330688476562e+01
5.998523330688476562e+01
5.998624801635742188e+01
5.998765182495117188e+01
5.998765182495117188e+01
5.998895263671875000e+01
5.999031829833984375e+01
5.999031829833984375e+01
5.999142837524414062e+01
5.999536895751953125e+01
5.999536895751953125e+01
5.999681091308593750e+01
6.000036239624023438e+01
6.000036239624023438e+01
5.999853515625000000e+01
5.999834823608398438e+01
5.999834823608398438e+01
6.000205612182617188e+01
6.000592803955078125e+01
6.000592803955078125e+01
6.000416946411132812e+01
6.000336074829101562e+01
6.000336074829101562e+01
6.000352859497070312e+01
6.000368118286132812e+01
6.000368118286132812e+01
6.000382232666015625e+01
6.000395202636718750e+01
6.000395202636718750e+01
6.000116348266601562e+01
5.999745559692382812e+01
5.999745559692382812e+01
6.000119781494140625e+01
6.000222015380859375e+01
6.000222015380859375e+01
5.999955368041992188e+01
5.999955368041992188e+01
5.999618148803710938e+01
5.999602508544921875e+01
5.999986648559570312e+01
5.999986648559570312e+01
5.999760437011718750e+01
5.999772262573242188e+01
5.999772262573242188e+01
5.999829483032226562e+01
5.999882507324218750e+01
5.999882507324218750e+01
5.999938201904296875e+01
5.999938201904296875e+01
5.999983596801757812e+01
6.000028228759765625e+01
6.000028228759765625e+01
6.000067138671875000e+01
6.000102996826171875e+01
6.000102996826171875e+01
6.000140762329101562e+01
6.000171279907226562e+01
6.000171279907226562e+01
6.000199890136718750e+01
6.000226211547851562e+01
