7.534503936767578125e-03
6.761789321899414062e-03
7.378339767456054688e-03
7.263660430908203125e-03
2.602028846740722656e-02
7.380008697509765625e-03
6.882667541503906250e-03
9.391546249389648438e-03
7.205486297607421875e-03
6.714344024658203125e-03
4.038214683532714844e-02
7.249116897583007812e-03
5.982398986816406250e-03
7.486343383789062500e-03
7.494688034057617188e-03
6.351709365844726562e-03
8.301019668579101562e-03
7.433652877807617188e-03
7.075309753417968750e-03
1.317620277404785156e-02
7.623672485351562500e-03
6.444454193115234375e-03
8.056163787841796875e-03
7.442712783813476562e-03
6.359100341796875000e-03
1.433682441711425781e-02
7.496356964111328125e-03
6.333827972412109375e-03
1.932406425476074219e-02
6.603002548217773438e-03
1.689481735229492188e-02
2.510333061218261719e-02
7.407188415527343750e-03
9.032487869262695312e-03
1.055240631103515625e-02
6.500244140625000000e-03
6.479263305664062500e-03
8.736610412597656250e-03
7.694959640502929688e-03
9.986877441406250000e-03
1.658987998962402344e-02
4.624128341674804688e-03
5.642175674438476562e-03
6.871223449707031250e-03
7.779598236083984375e-03
6.723403930664062500e-03
6.957530975341796875e-03
7.360696792602539062e-03
6.127834320068359375e-03
1.870155334472656250e-02
5.825042724609375000e-03
5.798816680908203125e-03
8.255004882812500000e-03
6.391525268554687500e-03
9.737730026245117188e-03
1.415228843688964844e-02
7.196187973022460938e-03
6.855249404907226562e-03
9.685516357421875000e-03
5.456924438476562500e-03
6.219148635864257812e-03
5.279517173767089844e-02
5.994319915771484375e-03
7.156610488891601562e-03
6.289958953857421875e-03
7.469892501831054688e-03
5.833387374877929688e-03
1.492166519165039062e-02
6.008625030517578125e-03
6.669282913208007812e-03
1.648139953613281250e-02
7.387399673461914062e-03
5.645275115966796875e-03
9.662866592407226562e-03
7.418155670166015625e-03
6.860494613647460938e-03
7.041454315185546875e-03
6.082773208618164062e-03
6.802558898925781250e-03
1.094627380371093750e-02
7.424116134643554688e-03
5.918741226196289062e-03
1.574826240539550781e-02
7.389545440673828125e-03
7.205486297607421875e-03
4.227590560913085938e-02
7.490158081054687500e-03
5.246162414550781250e-03
1.349616050720214844e-02
7.360935211181640625e-03
7.917404174804687500e-03
7.766962051391601562e-03
6.543874740600585938e-03
8.540391921997070312e-03
1.789522171020507812e-02
7.149457931518554688e-03
8.657455444335937500e-03
1.970481872558593750e-02
7.301092147827148438e-03
6.221294403076171875e-03
1.116800308227539062e-02
7.030963897705078125e-03
7.203578948974609375e-03
1.574492454528808594e-02
6.119728088378906250e-03
7.310628890991210938e-03
7.153749465942382812e-03
7.344007492065429688e-03
5.636453628540039062e-03
1.133012771606445312e-02
3.493499755859375000e-02
6.942033767700195312e-03
6.316423416137695312e-03
7.805109024047851562e-03
5.617141723632812500e-03
8.854150772094726562e-03
7.263422012329101562e-03
7.401704788208007812e-03
7.587432861328125000e-03
5.905151367187500000e-03
5.379438400268554688e-03
1.121115684509277344e-02
6.269931793212890625e-03
6.019592285156250000e-03
1.612114906311035156e-02
7.195711135864257812e-03
4.776477813720703125e-03
9.308338165283203125e-03
7.057666778564453125e-03
6.606817245483398438e-03
8.455276489257812500e-03
7.376432418823242188e-03
7.348775863647460938e-03
1.383781433105468750e-02
7.880449295043945312e-03
7.221221923828125000e-03
9.783267974853515625e-03
5.060672760009765625e-03
8.707284927368164062e-03
1.130342483520507812e-02
6.804943084716796875e-03
7.702827453613281250e-03
7.869720458984375000e-03
7.483720779418945312e-03
6.196975708007812500e-03
9.752273559570312500e-03
6.005525588989257812e-03
5.943298339843750000e-03
1.275992393493652344e-02
7.147550582885742188e-03
7.333755493164062500e-03
1.254677772521972656e-02
5.840778350830078125e-03
6.680250167846679688e-03
3.850245475769042969e-02
7.242679595947265625e-03
5.763292312622070312e-03
7.253170013427734375e-03
7.139921188354492188e-03
5.119085311889648438e-03
