2.000000000000000000e+01
0.000000000000000000e+00
2.498809746608844140e+00
4.998568807725336072e+00
7.498353374330522847e+00
9.618914971785722301e+00
1.245936088152532939e+01
1.411078073250955356e+01
1.736647608038576251e+01
1.863476286551198413e+01
2.000000000000000000e+01
2.000000000000000000e+01
2.000000000000000000e+01
2.000000000000000000e+01
2.000000000000000000e+01
2.000000000000000000e+01
2.000000000000000000e+01
2.000000000000000000e+01
2.000000000000000000e+01
2.000000000000000000e+01
2.000000000000000000e+01
2.000000000000000000e+01
2.000000000000000000e+01
2.000000000000000000e+01
2.000000000000000000e+01
2.000000000000000000e+01
2.000000000000000000e+01
2.000000000000000000e+01
2.000000000000000000e+01
2.000000000000000000e+01
2.000000000000000000e+01
2.000000000000000000e+01
2.000000000000000000e+01
2.000000000000000000e+01
2.000000000000000000e+01
2.000000000000000000e+01
2.000000000000000000e+01
2.000000000000000000e+01
2.000000000000000000e+01
2.000000000000000000e+01
2.000000000000000000e+01
2.000000000000000000e+01
2.000000000000000000e+01
2.000000000000000000e+01
2.000000000000000000e+01
2.000000000000000000e+01
2.000000000000000000e+01
2.000000000000000000e+01
2.000000000000000000e+01
2.000000000000000000e+01
2.000000000000000000e+01
2.000000000000000000e+01
2.000000000000000000e+01
2.000000000000000000e+01
2.000000000000000000e+01
2.000000000000000000e+01
2.000000000000000000e+01
2.000000000000000000e+01
2.000000000000000000e+01
2.000000000000000000e+01
2.000000000000000000e+01
2.000000000000000000e+01
2.000000000000000000e+01
2.000000000000000000e+01
2.000000000000000000e+01
2.000000000000000000e+01
2.000000000000000000e+01
2.000000000000000000e+01
2.000000000000000000e+01
2.000000000000000000e+01
2.000000000000000000e+01
2.000000000000000000e+01
2.000000000000000000e+01
2.000000000000000000e+01
2.000000000000000000e+01
2.000000000000000000e+01
2.000000000000000000e+01
2.000000000000000000e+01
2.000000000000000000e+01
2.000000000000000000e+01
2.000000000000000000e+01
2.000000000000000000e+01
2.000000000000000000e+01
2.000000000000000000e+01
2.000000000000000000e+01
2.000000000000000000e+01
2.000000000000000000e+01
2.000000000000000000e+01
2.000000000000000000e+01
2.000000000000000000e+01
2.000000000000000000e+01
2.000000000000000000e+01
2.000000000000000000e+01
2.000000000000000000e+01
2.000000000000000000e+01
2.000000000000000000e+01
2.000000000000000000e+01
2.000000000000000000e+01
2.000000000000000000e+01
2.000000000000000000e+01
2.000000000000000000e+01
2.000000000000000000e+01
1.997844814328384544e+01
2.000000000000000000e+01
2.000000000000000000e+01
2.000000000000000000e+01
2.000000000000000000e+01
1.995940213469696189e+01
2.000000000000000000e+01
2.000000000000000000e+01
2.000000000000000000e+01
2.000000000000000000e+01
2.000000000000000000e+01
2.000000000000000000e+01
2.000000000000000000e+01
2.000000000000000000e+01
2.000000000000000000e+01
2.000000000000000000e+01
2.000000000000000000e+01
1.991545312670898582e+01
2.000000000000000000e+01
2.000000000000000000e+01
1.999523752001953270e+01
2.000000000000000000e+01
2.000000000000000000e+01
2.000000000000000000e+01
2.000000000000000000e+01
1.988605110911560203e+01
2.000000000000000000e+01
2.000000000000000000e+01
2.000000000000000000e+01
2.000000000000000000e+01
2.000000000000000000e+01
1.994425516394806053e+01
2.000000000000000000e+01
1.985569671733038533e+01
2.000000000000000000e+01
1.993121641686432355e+01
2.000000000000000000e+01
2.000000000000000000e+01
1.992442779807281639e+01
2.000000000000000000e+01
1.983265144144547065e+01
2.000000000000000000e+01
2.000000000000000000e+01
1.983435707358551170e+01
2.000000000000000000e+01
1.981836597936012723e+01
2.000000000000000000e+01
1.972821114455599201e+01
2.000000000000000000e+01
2.000000000000000000e+01
1.987327556876373436e+01
2.000000000000000000e+01
1.994527641711704646e+01
2.000000000000000000e+01
2.000000000000000000e+01
1.977832811145019676e+01
2.000000000000000000e+01
1.969551949973883609e+01
2.000000000000000000e+01
2.000000000000000000e+01
1.960892670420837547e+01
2.000000000000000000e+01
1.990650786940956252e+01
2.000000000000000000e+01
1.982517526994102397e+01
2.000000000000000000e+01
2.000000000000000000e+01
1.975456064013672020e+01
2.000000000000000000e+01
1.981074184001631622e+01
2.000000000000000000e+01
2.000000000000000000e+01
1.981136863497924949e+01
2.000000000000000000e+01
1.986699844417328720e+01
2.000000000000000000e+01
2.000000000000000000e+01
1.986203162936401512e+01
2.000000000000000000e+01
1.963191432240281031e+01
2.000000000000000000e+01
2.000000000000000000e+01
1.971932070521545555e+01
2.000000000000000000e+01
2.000000000000000000e+01
1.975183408526611473e+01
2.000000000000000000e+01
1.967559215452723365e+01
2.000000000000000000e+01
1.974061741638561784e+01
2.000000000000000000e+01
2.000000000000000000e+01
1.938071875838470604e+01
2.000000000000000000e+01
1.965321126225182979e+01
2.000000000000000000e+01
1.971691579640851089e+01
2.000000000000000000e+01
2.000000000000000000e+01
1.970599644450378563e+01
2.000000000000000000e+01
1.963268471411228333e+01
2.000000000000000000e+01
1.949203206591112547e+01
2.000000000000000000e+01
2.000000000000000000e+01
1.966151910094452049e+01
2.000000000000000000e+01
1.981817349483802460e+01
2.000000000000000000e+01
2.000000000000000000e+01
1.968316035536956932e+01
2.000000000000000000e+01
1.966705211006047804e+01
2.000000000000000000e+01
2.000000000000000000e+01
1.961786000994873191e+01
2.000000000000000000e+01
1.965609908268771377e+01
2.000000000000000000e+01
2.000000000000000000e+01
1.957386510638427879e+01
2.000000000000000000e+01
1.963300352806200877e+01
2.000000000000000000e+01
2.000000000000000000e+01
1.949651890067291404e+01
2.000000000000000000e+01
1.955487506443798651e+01
2.000000000000000000e+01
2.000000000000000000e+01
1.964802711276245262e+01
2.000000000000000000e+01
1.967417967251572719e+01
2.000000000000000000e+01
2.000000000000000000e+01
1.959472768572998191e+01
2.000000000000000000e+01
1.952850768138003446e+01
2.000000000000000000e+01
2.000000000000000000e+01
1.967763607768249656e+01
2.000000000000000000e+01
1.958723988940258209e+01
2.000000000000000000e+01
2.000000000000000000e+01
1.954346399573516990e+01
2.000000000000000000e+01
2.000000000000000000e+01
1.955801360873413230e+01
2.000000000000000000e+01
1.949415383650994471e+01
2.000000000000000000e+01
2.000000000000000000e+01
1.960282438067627098e+01
2.000000000000000000e+01
1.953983473793482872e+01
1.998128311916041611e+01
2.000000000000000000e+01
1.959033991344107761e+01
2.000000000000000000e+01
1.952715084591037353e+01
1.994293930835086570e+01
2.000000000000000000e+01
1.967146562815755573e+01
1.999707119016927592e+01
2.000000000000000000e+01
1.951076779168111486e+01
2.000000000000000000e+01
1.950600156577513289e+01
1.982545020640013433e+01
2.000000000000000000e+01
1.951254517324765203e+01
2.000000000000000000e+01
1.944002437075057443e+01
1.983827416646590791e+01
2.000000000000000000e+01
1.963336188566708529e+01
1.978677463571286310e+01
2.000000000000000000e+01
1.949504620007531841e+01
2.000000000000000000e+01
1.958443332778829316e+01
1.973889583483785515e+01
2.000000000000000000e+01
1.948564109384811971e+01
2.000000000000000000e+01
1.956858139750671555e+01
1.970382927442932441e+01
2.000000000000000000e+01
1.947607124584037308e+01
2.000000000000000000e+01
1.940330849971303806e+01
1.981329826468191158e+01
2.000000000000000000e+01
1.940160300588905073e+01
2.000000000000000000e+01
1.943995589193139040e+01
1.967721068108544458e+01
2.000000000000000000e+01
1.940462391756244642e+01
2.000000000000000000e+01
1.942727471718762899e+01
1.969322008289502790e+01
2.000000000000000000e+01
1.934075069330027929e+01
2.000000000000000000e+01
1.946778724128366278e+01
2.000000000000000000e+01
1.940783199751102828e+01
1.954567315331852484e+01
2.000000000000000000e+01
1.943478281034756350e+01
2.000000000000000000e+01
1.935964800060860114e+01
1.955845874755684477e+01
2.000000000000000000e+01
1.937303955785144893e+01
2.000000000000000000e+01
1.929650959836984825e+01
1.947044494286753036e+01
2.000000000000000000e+01
1.942271346114472053e+01
2.000000000000000000e+01
1.933349891949468713e+01
2.000000000000000000e+01
1.936884846265778393e+01
1.943418176018891330e+01
2.000000000000000000e+01
1.935667376213248758e+01
2.000000000000000000e+01
1.937083439762831460e+01
2.000000000000000000e+01
1.935392496749922486e+01
1.939150705767866967e+01
2.000000000000000000e+01
1.939960386831540262e+01
2.000000000000000000e+01
1.931523399874684443e+01
1.940436790777394549e+01
2.000000000000000000e+01
1.933501246330416379e+01
2.000000000000000000e+01
1.934270196691170440e+01
1.946816991371956718e+01
2.000000000000000000e+01
1.932999737014031894e+01
1.936412668245721491e+01
2.000000000000000000e+01
1.945416318548115697e+01
2.000000000000000000e+01
1.928180922132363406e+01
1.932407790551247828e+01
2.000000000000000000e+01
1.932354802404118743e+01
2.000000000000000000e+01
1.931326744426576170e+01
1.934190979140321431e+01
2.000000000000000000e+01
1.934886518190666393e+01
2.000000000000000000e+01
1.930710602086696781e+01
1.922572010109768215e+01
1.997344528150676624e+01
1.933046509368164578e+01
1.996686528821697948e+01
1.935497241809422064e+01
1.917690960016228274e+01
1.989276080995582419e+01
1.924523239239456629e+01
1.984972973682704378e+01
1.910740540657384301e+01
1.978583563686563807e+01
1.907320134006985768e+01
1.896904710502887070e+01
1.962991290450861470e+01
1.905392133784147646e+01
1.954464273196295210e+01
1.882165950189856929e+01
1.868693071733867939e+01
1.933413738514336444e+01
1.874143662281871059e+01
1.921245980901663231e+01
1.854891757567931521e+01
1.844594404479188299e+01
1.896762604283619424e+01
1.841536202442270920e+01
1.819506983724840765e+01
1.870246437152306385e+01
1.811726075079299747e+01
1.853081117830367930e+01
1.794366541891721667e+01
1.780027812472208026e+01
1.822588855501150817e+01
1.765990498498731043e+01
1.802859927886377989e+01
1.742230022806523237e+01
1.732748039492861025e+01
1.768638229544324147e+01
1.719472878384601344e+01
1.747047925726281647e+01
1.693747439076951622e+01
1.724348308299661880e+01
1.668977198652413563e+01
1.659926143404204879e+01
1.686649525649552928e+01
1.640789495520261099e+01
1.662441951475956614e+01
1.614075318743825349e+01
1.601161950424374325e+01
1.622761468792585049e+01
1.579497305512450467e+01
1.596929238900553472e+01
1.558148998124156748e+01
1.570996118988340129e+01
1.528867494448516950e+01
1.518486357641088524e+01
1.529556929912047458e+01
1.497718216687023585e+01
1.502887247200330556e+01
1.469965189939556183e+01
1.458521189324440215e+01
1.461329553324633856e+01
1.434626622764112014e+01
1.434193640074814446e+01
1.408675018579066140e+01
1.406940033321840566e+01
1.381476899036846362e+01
1.379478564429910925e+01
1.359178723000146150e+01
1.346749952513714277e+01
1.338478538518685568e+01
1.322652566724392464e+01
1.311555871106192939e+01
1.297510337586186324e+01
1.286512360580319125e+01
1.271581827346422955e+01
1.261943365345033108e+01
1.250956138286321995e+01
1.232517720192302235e+01
1.227579885995129416e+01
1.206832178320193449e+01
1.203576323257058078e+01
1.181461158289230262e+01
1.181160758427828483e+01
1.171340743101729487e+01
1.145064521883603170e+01
1.148265964140126805e+01
1.120993150276796158e+01
1.126324376582861397e+01
1.116716661227130913e+01
1.086818275765603836e+01
1.095708502786961525e+01
1.064243487871073413e+01
1.076876357664391648e+01
1.071297507789946302e+01
1.033371089539499721e+01
1.048803773616003276e+01
1.012749753998878077e+01
1.030019340394331451e+01
9.927824526935189908e+00
1.014166491649954160e+01
1.002546593011169129e+01
9.657458851391307775e+00
9.861393386944136807e+00
9.841947002029433733e+00
9.409904537494732324e+00
9.645008402517538215e+00
9.243763874888314191e+00
9.491417321803064411e+00
9.469916752928927650e+00
9.029572307727537606e+00
9.308049148719918620e+00
8.886197000776618893e+00
9.174459163070332934e+00
9.166416628193502447e+00
8.708452966503646309e+00
9.021330395206648589e+00
8.588584811002270669e+00
8.912827108079504512e+00
8.917846371892107271e+00
8.448416873197199806e+00
8.795053361541278036e+00
8.353263946260662820e+00
8.707823449419423767e+00
8.779063874168700821e+00
8.256636699473357766e+00
8.605692241876843340e+00
8.185010872863971443e+00
8.588821217352029080e+00
8.623090572772865059e+00
8.127349506639800936e+00
8.522517167442211772e+00
8.083815893755373239e+00
8.456412078976416780e+00
8.547658590586889815e+00
8.059840356746263978e+00
8.473346585213397120e+00
8.503101028309586695e+00
8.060310781239332201e+00
8.502202017944561874e+00
8.060491562619004569e+00
8.505142067345349943e+00
8.508215051177478117e+00
8.098171741825746395e+00
8.567971497246579915e+00
8.124768351467263727e+00
8.543675065927493151e+00
8.609750651468951688e+00
8.197582089942198280e+00
8.561285913055057151e+00
8.237066727563304269e+00
8.680880924526480413e+00
8.755017658198962494e+00
8.346141447020988480e+00
8.749374413732665445e+00
8.411416472082072104e+00
8.868733814005786087e+00
8.903652238113432205e+00
8.550983290326053421e+00
8.968783504096798254e+00
8.639210839726883862e+00
9.059560669789091136e+00
8.734479692014796015e+00
9.176801917643606643e+00
9.215345003100383181e+00
8.911673556668921137e+00
9.268200093969079845e+00
9.020909779282849428e+00
9.410272686659265418e+00
9.503452356358078390e+00
9.220123677092546544e+00
9.571364725810031615e+00
9.346592647083808103e+00
9.710919113448701623e+00
9.750904814108142915e+00
9.560389898570971212e+00
9.910038669010065249e+00
9.702006419878800969e+00
1.003878893716854392e+01
1.013249378037872717e+01
9.937207349641774101e+00
1.023008015255274650e+01
1.008790255797761226e+01
1.040475033370818103e+01
1.041648170324057610e+01
1.033033208366095579e+01
1.059554165837122675e+01
1.066314538908646270e+01
1.057840927384043006e+01
1.084029903294610442e+01
1.074357069704962875e+01
1.099019829008256899e+01
1.107902913691536639e+01
1.100370657295988153e+01
1.121646264108968971e+01
1.117304950982086531e+01
1.137973283390077839e+01
1.145054929846550351e+01
1.143503939616335607e+01
1.160976929163737204e+01
1.169098846493907828e+01
1.169741701719505222e+01
1.183847365734168733e+01
1.186895831849801652e+01
1.200906718034475418e+01
1.207831945107380633e+01
1.212897398632220636e+01
1.224115098351775721e+01
1.231499843418716189e+01
1.238615126235297303e+01
1.246975021757070046e+01
1.255523875127697231e+01
1.262825097772832272e+01
1.269527630754666880e+01
1.280490156206164265e+01
1.284774921192436992e+01
1.296917188328981929e+01
1.300437048594917755e+01
1.305814613635919130e+01
1.320793719745387484e+01
1.322236789946419577e+01
1.336649644738261777e+01
1.336406352689483512e+01
1.341787224021577174e+01
1.359303447615314475e+01
1.356579543091690176e+01
1.374294722109098110e+01
1.368881065672174024e+01
1.376277850162354888e+01
1.395387819472056457e+01
1.389218333894916668e+01
1.409397620252918593e+01
1.400413172548981144e+01
1.405596751543011536e+01
1.428577058591606885e+01
1.417977967370682713e+01
1.441316463933997660e+01
1.429324298449905584e+01
1.431999066255169417e+01
1.458372136938058716e+01
1.445314202734099673e+01
1.469851152409839834e+01
1.453735596735369207e+01
1.480681320950336755e+01
1.462880108529832768e+01
1.466985066661544224e+01
1.494676378183182486e+01
1.478073581827493754e+01
1.481007129409645806e+01
1.507609504501559705e+01
1.488922200625962944e+01
1.516166240437892476e+01
1.495850385274381544e+01
1.495589387711536311e+01
1.526321141432894812e+01
1.505827485800651999e+01
1.533342834530803422e+01
1.512199278707743311e+01
1.511585256845826031e+01
1.541345455119249941e+01
1.518887488633239968e+01
1.546800497829523380e+01
1.520801873160651141e+01
1.525599732010666543e+01
1.552399963877970102e+01
1.528305192700240944e+01
1.556270780661736808e+01
1.528446563870894792e+01
1.529392079028850304e+01
1.559080924512551647e+01
1.537231727044644991e+01
1.561652542758424111e+01
1.533077456643573022e+01
1.533106812522147600e+01
1.562130213618696040e+01
1.534635773657166169e+01
1.562664718742025549e+01
1.534581943915831381e+01
1.534628719801704655e+01
1.561029719281835959e+01
1.534474611892018636e+01
1.560159271897816602e+01
1.530513934474410576e+01
1.529323218317922795e+01
1.556001533238408996e+01
1.529660152085385683e+01
1.553650053764567751e+01
1.527196334952799006e+01
1.522673602926893288e+01
1.547683433849119083e+01
1.521261621028330957e+01
1.543925446397956058e+01
1.514609524827393194e+01
1.512644799959042174e+01
1.535673354542477576e+01
1.511517550655996800e+01
1.530742018915448632e+01
1.504005253308657508e+01
1.499986782064212854e+01
1.520881720213462707e+01
1.497361883885189471e+01
1.491247115181810479e+01
1.510216666826607224e+01
1.486080716546606872e+01
1.503247373838858003e+01
1.476975979987608056e+01
1.476303400881132077e+01
1.490941801746008188e+01
1.468375974277284435e+01
1.483012027873013139e+01
1.462086101101057167e+01
1.453922792179781354e+01
1.469486104514687597e+01
1.448276902712020409e+01
1.460686790903693044e+01
1.440132670827089001e+01
1.432340505149417353e+01
1.445889323827346651e+01
1.425636541720551342e+01
1.436257356695968745e+01
1.416722681279274632e+01
1.410936158619333369e+01
1.420579428164235836e+01
1.403870135897239813e+01
1.410490473348799334e+01
1.392613035399569377e+01
1.400073522805531923e+01
1.383528395473241446e+01
1.377984417902153247e+01
1.383633344922452224e+01
1.369952077522712131e+01
1.373003237574636870e+01
1.358736191564258888e+01
1.362163425944357620e+01
1.348528309849664808e+01
1.343406502192461716e+01
1.345329240737951082e+01
1.334921015701872626e+01
1.334433734217795120e+01
1.324164715048847540e+01
1.319067498693165241e+01
1.317744635878596071e+01
1.309373448577254351e+01
1.306802486387463702e+01
1.299169884689965215e+01
1.294663045312077720e+01
1.290394689731557243e+01
1.284989088789044764e+01
1.279638536744766775e+01
1.274783956396733231e+01
1.268938065756941569e+01
1.264933273910144429e+01
1.260627468683562213e+01
1.253203966354247711e+01
1.250903840994277161e+01
1.246849080051853065e+01
1.237926439830136260e+01
1.236824153636706924e+01
1.233257113649635706e+01
1.223111474717928004e+01
1.223290749968228752e+01
1.213280458006835971e+01
1.214954097001045596e+01
1.211932779701172080e+01
1.199444292426449188e+01
1.202634855131581659e+01
1.190269345096248088e+01
1.193962341699126384e+01
1.181287038175174153e+01
1.188106302016607607e+01
1.184922868220918346e+01
1.169245565465221759e+01
1.174456529205424360e+01
1.160977322382811394e+01
1.168156081496220366e+01
1.165743936394857805e+01
1.149913911214141571e+01
1.158581528668949545e+01
1.142584429006200430e+01
1.152141506139866145e+01
1.149193318313512435e+01
1.132860854877929668e+01
1.144552989815287525e+01
1.126532708839003050e+01
1.138802622174717349e+01
1.136449629605787237e+01
1.118467118744534794e+01
1.130926022418758237e+01
1.113039767157457405e+01
1.126095261705851946e+01
1.123917562887651300e+01
1.106327740000069859e+01
1.119476153067671831e+01
1.101806005356029594e+01
1.116287543544202876e+01
1.114572069287404510e+01
1.096619344465426771e+01
1.110633877766660405e+01
1.093057513406417414e+01
1.108377368185463219e+01
1.109530887887721562e+01
1.089575885225005614e+01
1.104540795845408496e+01
1.087042903777463287e+01
1.101326809759182446e+01
1.104721582737647623e+01
1.084917913478297535e+01
1.100894962825770662e+01
1.083407628492077279e+01
1.099573860400089309e+01
1.101273988619545996e+01
1.082810519623004453e+01
1.099347042270048114e+01
1.082294533281250182e+01
1.101139793624419916e+01
1.101231754825879605e+01
1.083405110468849486e+01
1.101044655170000830e+01
1.083973969587000497e+01
1.101947453715362357e+01
1.102287491775037509e+01
1.086335464119255967e+01
1.103215801734863000e+01
1.087762671553190330e+01
1.105605429702400677e+01
1.106472139085943418e+01
1.091448000781160843e+01
1.108260801002426454e+01
1.110892438169108409e+01
1.095956749100749938e+01
1.111433111352729597e+01
1.098716779542249888e+01
1.115896326486320866e+01
1.119388156665784528e+01
1.104573185069355823e+01
1.120437007528586904e+01
1.108212771151978338e+01
1.124882318776661094e+01
1.126609730704422496e+01
1.114984993286279114e+01
1.130286677656087235e+01
1.119338834374971370e+01
1.135180285439867554e+01
1.138883880948631244e+01
1.127215061632448823e+01
1.141429950177236208e+01
1.132200713407951120e+01
1.147804845170217725e+01
1.137538020641869174e+01
1.152190318369474653e+01
1.154333886554574029e+01
1.146371414578307046e+01
1.159438534618015915e+01
1.162861468207566240e+01
1.155601881804752828e+01
1.168247672940607984e+01
1.161659685807110343e+01
1.174098231220563093e+01
1.176119108008649583e+01
1.171399083260829421e+01
1.182850163521156794e+01
1.177822895232097977e+01
1.188856775390106790e+01
1.191616092750185096e+01
1.188010906278065804e+01
1.197742225417547957e+01
1.201123894583432872e+01
1.198379526816244400e+01
1.207149635400873144e+01
1.205176659481728230e+01
1.212954040746663331e+01
1.211971508197398961e+01
1.219554447491173477e+01
1.222956485330410281e+01
1.222486781396648681e+01
1.229147273435181198e+01
1.232562843108165573e+01
1.233027089352635208e+01
1.238419496823153310e+01
1.239920195949612669e+01
1.245018809532498949e+01
1.248179759868011018e+01
1.250332608564610304e+01
1.254325873575225181e+01
1.257172941208281003e+01
1.260922201936354625e+01
1.263998606915946432e+01
1.266990165590912731e+01
1.269647171775853245e+01
1.274037267614795788e+01
1.276078316414286995e+01
1.280670391533718799e+01
1.281862266222479718e+01
1.284165608502771683e+01
1.290242931651093983e+01
1.290227817242471708e+01
1.296555659340149624e+01
1.296119090348896208e+01
1.299009731219995167e+01
1.305650649000710217e+01
1.304028295525418990e+01
1.311614062607638154e+01
1.309666752682863944e+01
1.312102705711244255e+01
1.320057846782642663e+01
1.316595940823385824e+01
1.325571033114157515e+01
1.321703185175476314e+01
1.324714455800373614e+01
1.333269887923895425e+01
1.329164411416994263e+01
1.338377881753667609e+01
1.333075464345140837e+01
1.335030594104656743e+01
1.345189714822686966e+01
1.340330979347500140e+01
1.349817589222003633e+01
1.343749086495549960e+01
1.344484667509615328e+01
1.355766267625836186e+01
1.349365036234643433e+01
1.359790596262787155e+01
1.352566383508261261e+01
1.352910429389867986e+01
1.364799389195253809e+01
1.358610241180121925e+01
1.368340954345413074e+01
1.360110985151467311e+01
1.360106537743321731e+01
1.372410023272844981e+01
1.365356304611498750e+01
1.375343587534075596e+01
1.366319763735107706e+01
1.365887038557169930e+01
1.378456016836057785e+01
1.369557094969878541e+01
1.380654048323135186e+01
1.372128691942288192e+01
1.370247351222354304e+01
1.382899501873020931e+01
1.373136118779992643e+01
1.384439940183843731e+01
1.373248555866569376e+01
1.373644784987389045e+01
1.385556870011778763e+01
1.374841102579704177e+01
1.386388488236918093e+01
1.375398282428018781e+01
1.375647394703402249e+01
1.386643237242742721e+01
1.376144677400940886e+01
1.386892799954403799e+01
1.375128114540679647e+01
1.374910685243465913e+01
1.386101712198959923e+01
1.375590461618738125e+01
1.385737894720784169e+01
1.373711551778192508e+01
1.374741020263998337e+01
1.384156932482652813e+01
1.373593310740042384e+01
1.383210107983946635e+01
1.371364573124614594e+01
1.370640446107508303e+01
1.380674826933680066e+01
1.370746221829735667e+01
1.368511519782580343e+01
1.377802784154354399e+01
1.367492350429207804e+01
1.375947185277951412e+01
1.365683395005143375e+01
1.363605858136242510e+01
1.372281925426671911e+01
1.362331656320334261e+01
1.369945799328728597e+01
1.358849403494140873e+01
1.357742085881806737e+01
1.365493157744298891e+01
1.357124572400551088e+01
1.362812454810813279e+01
1.353380056135503295e+01
1.351098922208380237e+01
1.357904323676414826e+01
1.348759171740216267e+01
1.347113766762437592e+01
1.352695550135365643e+01
1.343999251217074153e+01
1.349289778955129826e+01
1.340445427750372254e+01
1.338003085238707968e+01
1.343499593872008191e+01
1.335637406405443883e+01
1.339788802791371047e+01
1.331292290702566916e+01
1.335905685612181770e+01
1.328007582615895465e+01
1.325763821319940838e+01
1.329628209370884484e+01
1.322960104157234085e+01
1.325594949338602468e+01
1.318496963859757365e+01
1.316687576383267633e+01
1.319095968380900885e+01
1.313047992036447020e+01
1.314867957637865103e+01
1.309393603450981303e+01
1.307009625427749278e+01
1.308288322319176267e+01
1.303530869697292260e+01
1.300906048109379753e+01
1.301652776476554507e+01
1.297401204747980863e+01
1.297310353483846690e+01
1.293191179025707171e+01
1.291071220912068007e+01
1.290656803729575586e+01
1.287192176691737266e+01
1.286288808040467302e+01
1.283000968701361444e+01
1.281202294170231504e+01
1.279705353604248508e+01
1.277297753712666584e+01
1.275388531581914364e+01
1.273248892066204796e+01
1.271094409476491727e+01
1.269282891339555874e+01
1.267568004401775816e+01
1.264763168078448174e+01
1.263648814485686955e+01
1.260591266442601110e+01
1.260008326567199433e+01
1.256490599529361241e+01
1.256273333176895157e+01
1.254674935984766115e+01
1.250579759943267710e+01
1.250919496442842060e+01
1.246670164427900929e+01
1.247378251106816549e+01
1.246209575251032931e+01
1.241148319235545650e+01
1.242575928013528852e+01
1.237496086701086639e+01
1.239128126137985220e+01
1.237949539634200846e+01
1.232393139975258478e+01
1.234813337592430216e+01
1.229031910127038607e+01
1.232210118785335773e+01
1.225821386992526918e+01
1.228780633194951655e+01
1.228115531833178586e+01
1.221452465702139634e+01
1.224077270585196509e+01
1.218450682211980407e+01
1.222124895613904805e+01
1.221713665380619496e+01
1.214607914731898042e+01
1.218588173956396048e+01
1.212014942333254375e+01
1.216179624587906893e+01
1.215836151826922951e+01
1.208694705498914068e+01
1.213388138047318598e+01
1.206476679633644267e+01
1.211991575965159207e+01
1.211275809468508946e+01
1.203833091023262014e+01
1.208565256973300350e+01
1.208843341727296483e+01
1.201469930646203288e+01
1.207003532357456876e+01
1.199900785658711655e+01
1.206376147315423886e+01
1.198540874937447676e+01
1.204922143696261827e+01
1.205180065324942085e+01
1.197168418801206258e+01
1.202337729134242039e+01
1.196071616956599293e+01
1.202538916290399484e+01
1.203194609222197542e+01
1.195278676737621737e+01
1.201619662120772780e+01
1.194666579973585385e+01
1.201989174215251133e+01
1.201915884813063329e+01
1.194517351100848934e+01
1.200704150504653533e+01
1.194279517631769316e+01
1.201316131823430489e+01
1.201794492930963720e+01
1.194673587256945702e+01
1.200965130667659864e+01
1.203025758685801350e+01
1.195445320646029153e+01
1.201165425719803537e+01
1.195788924878568515e+01
1.202477517757526115e+01
1.203626419023194849e+01
1.197054050158908822e+01
1.204195454315414615e+01
1.197883262162454265e+01
1.204897557691743692e+01
1.205821728787755198e+01
1.199709278343491192e+01
1.206634696698317377e+01
1.200878850251196539e+01
1.207859655887241601e+01
1.208405696054223277e+01
1.203164882886061982e+01
1.209567926033437502e+01
1.204620103287121502e+01
1.211578311233967931e+01
1.212381278573092480e+01
1.207390384322760468e+01
1.213432503754541791e+01
1.209130299004374365e+01
1.215804074065468043e+01
1.215947278066239079e+01
1.212220960270779990e+01
1.217389078053782114e+01
1.214156151435556730e+01
1.220098715938908995e+01
1.220970916257211236e+01
1.217550823780169544e+01
1.222937865295241977e+01
1.224312511597158348e+01
1.221127294866520607e+01
1.226449730557137840e+01
1.223480716732199447e+01
1.228632898522839412e+01
1.229684540603730092e+01
1.227307104300258445e+01
1.231894054849951203e+01
1.229799003434993487e+01
1.234402067882833798e+01
1.235927622168189899e+01
1.233844050937489101e+01
1.237813604495890374e+01
1.236456501747992931e+01
1.240362269220495328e+01
1.241788439444544068e+01
1.240594435365185610e+01
1.244021858013301518e+01
1.243293567924355791e+01
1.246853522938495118e+01
1.247957973828164668e+01
1.247515606173694636e+01
1.250198368067508525e+01
1.250250157764388881e+01
1.253005703941851223e+01
1.254232531162823072e+01
1.254460804084690828e+01
1.256671221106980951e+01
1.257217320749674982e+01
1.259228380103844991e+01
1.260537862535088394e+01
1.261373901148553323e+01
1.262955402113542114e+01
1.264103340259611308e+01
1.265542538294189256e+01
1.266646503894492959e+01
1.268160541244853867e+01
1.269121386332004953e+01
1.270829589786970182e+01
1.271603139181039488e+01
1.272625741355798468e+01
1.274733272103838466e+01
1.275152742659678928e+01
1.277316128364443948e+01
1.277619587494968911e+01
1.278355394234558062e+01
1.281039111637486982e+01
1.280836731376698090e+01
1.283499397712318135e+01
1.282853063800454052e+01
1.283835481951154733e+01
1.286957671130616987e+01
1.286012623343220085e+01
1.289248096212946493e+01
1.287989192803676808e+01
1.288864647846048506e+01
1.292420879609513307e+01
1.290889925650478709e+01
1.294526092066646328e+01
1.292857529912653547e+01
1.293494035556374300e+01
1.297400711343821555e+01
1.295308502000081852e+01
1.299300256104738338e+01
1.297068685947504463e+01
1.297812763825865012e+01
1.301849168282736358e+01
1.299079873177239008e+01
1.303510714753091548e+01
1.301008497467619485e+01
1.301267637115257436e+01
1.305700814082632455e+01
1.302887720819037298e+01
1.307165117392924003e+01
1.303803976956342403e+01
1.304279732005909231e+01
1.308933172080100071e+01
1.305982702054174993e+01
1.310172539146187809e+01
1.306720985815455904e+01
1.311296730084240814e+01
1.307329412624133980e+01
1.307743426788949392e+01
1.312533213874255722e+01
1.308959015849715257e+01
1.313412082187462104e+01
1.309204076394177818e+01
1.310008145373186395e+01
1.314308355259224292e+01
1.310475109192370091e+01
1.310529898133023963e+01
1.314983984480370616e+01
1.310475674985403138e+01
1.315389873975446200e+01
1.311623263842168186e+01
1.310693777130295956e+01
1.315643162151674339e+01
1.311616616000600999e+01
1.315851523940340684e+01
1.311735567380546641e+01
1.311231489205815137e+01
1.315743512964073680e+01
1.311547087627999453e+01
1.315701833682010147e+01
1.310951401451382914e+01
1.310847469470797932e+01
1.315175167584629712e+01
1.311486285152582276e+01
1.314942710832880657e+01
1.310209901103706187e+01
1.310003777291808191e+01
1.314081582288287109e+01
1.310342130332443134e+01
1.308989546963882944e+01
1.313075140922399164e+01
1.308898175536690189e+01
1.312424621885858222e+01
1.308247518510978935e+01
1.307452854887548988e+01
1.311083209243333947e+01
1.307051311328317666e+01
1.310234521434736443e+01
1.306186480985570242e+01
1.305319221027079379e+01
1.308615569767590436e+01
1.304649021379132279e+01
1.307573707876310820e+01
1.303275246429230094e+01
1.303226028815418225e+01
1.305707051930364671e+01
1.302390214765375198e+01
1.301205942025484319e+01
1.303747310229839762e+01
1.300298000405819998e+01
1.302464332527733681e+01
1.298799375715166526e+01
1.298035161581586472e+01
1.300252527134562897e+01
1.297116007412697769e+01
1.296057516551661770e+01
1.297964125219809617e+01
1.294847313066681238e+01
1.296464196175494088e+01
1.293088766909313492e+01
1.292758091741514725e+01
1.294009153216967611e+01
1.291174453821761325e+01
1.292410753881482144e+01
1.289664190201078853e+01
1.288788523987293821e+01
1.289854905418060937e+01
1.287391786715716790e+01
1.286724043887623559e+01
1.287277665162180540e+01
1.284930007740603308e+01
1.285567105682037869e+01
1.283331151386940583e+01
1.282492747665452804e+01
1.282902016872839823e+01
1.281115497414267601e+01
1.281172646154373673e+01
1.279471795265362744e+01
1.278585522127670160e+01
1.278517500413161656e+01
1.277029268322477051e+01
1.276771828231091455e+01
1.275414168845209950e+01
1.274661034028821405e+01
1.274140670959966037e+01
1.273053151815096840e+01
1.272409143897328576e+01
1.271395647430513343e+01
1.270725747814222117e+01
1.269828143077019433e+01
1.269120595059799506e+01
1.268456894262862988e+01
1.267306262716271625e+01
1.266860194839949649e+01
1.265641833721615761e+01
1.265346415635144339e+01
1.264642201024577695e+01
1.263220243647787733e+01
1.263190212949282198e+01
1.262449010722039411e+01
1.260877493614918343e+01
1.261090580634975744e+01
1.259335490137308078e+01
1.259662974123071599e+01
1.259139520222745645e+01
1.257151728950680969e+01
1.257698356173811938e+01
1.257106883223948479e+01
1.255065437402130790e+01
1.255820674280775684e+01
1.253685914239649968e+01
1.254625519935915889e+01
1.254019218621704113e+01
1.251781509967692152e+01
1.252979923464784662e+01
1.250530942772977738e+01
1.251634094099097183e+01
1.251452042696952560e+01
1.248831599529894909e+01
1.250382537908445890e+01
1.247718047195021818e+01
1.249113500543132105e+01
1.249045426005065629e+01
1.246240276554513393e+01
1.247773395340622749e+01
1.247695341407011504e+01
1.244898658532271973e+01
1.246764732133209641e+01
1.244011767593291040e+01
1.246238310116010339e+01
1.245891181224132005e+01
1.242954107166307232e+01
1.244902487443793149e+01
1.242211905564881569e+01
1.244457910844579551e+01
1.244046317913836930e+01
1.241345901404316443e+01
1.243597461584983677e+01
1.243467846600659144e+01
1.240637539634417230e+01
1.243024553615324912e+01
1.240164679831945094e+01
1.242763028757941868e+01
1.242396419620091841e+01
1.239701628318074000e+01
1.242051794459991498e+01
1.242361723693395881e+01
1.239394006362544864e+01
1.241947569316448252e+01
1.239179507894050047e+01
1.241761179500724133e+01
1.242040095560601110e+01
1.239122223812850976e+01
1.241785715549918656e+01
1.239067784769600777e+01
1.241534118434404199e+01
1.242200184772487326e+01
1.239238909580665826e+01
1.241616027893432417e+01
1.242228559780192754e+01
1.239528491445850911e+01
1.241873326311031711e+01
1.239683827804065608e+01
1.242372958777403191e+01
1.242836406720039655e+01
1.240211565197149213e+01
1.242904624406103231e+01
1.242973913358975224e+01
1.240838825668857304e+01
1.243601805429193874e+01
1.241262364410888530e+01
1.244083817305316053e+01
1.244103671556179691e+01
1.242101150794329456e+01
1.244793090755063503e+01
1.245166759392264133e+01
1.243074291690485467e+01
1.245418773044544380e+01
1.243677352712671436e+01
1.246264291800120283e+01
1.246466068687633921e+01
1.244789202273980955e+01
1.247178315129886528e+01
1.245511400965368232e+01
1.247793996625394186e+01
1.248585996308490209e+01
1.246784280706746095e+01
1.249090473346139518e+01
1.249424567314249046e+01
1.248122314494628249e+01
1.250174592574160570e+01
1.248988026401404383e+01
1.251391453496553829e+01
1.251468171730301293e+01
1.250454730912393231e+01
1.252507825608699399e+01
1.251411753121990067e+01
1.253243823882359997e+01
1.253912043545687638e+01
1.252952382705337264e+01
1.254661780838659446e+01
1.253954502210129185e+01
1.255709515965903300e+01
1.256283872417486691e+01
1.255573913806835407e+01
1.257155841177739930e+01
1.257592516551921413e+01
1.257208872849643377e+01
1.258623357879133664e+01
1.258283866359750647e+01
1.259614895461661632e+01
1.260171488300907150e+01
1.259954029167803036e+01
1.261079551055534687e+01
1.261636766623498040e+01
1.261623288810327104e+01
1.262612807089693945e+01
1.262720344266061190e+01
1.263721896294746649e+01
1.264214657118069773e+01
1.264399039548916370e+01
1.265206382428005760e+01
1.265681431118614597e+01
1.266058182785980257e+01
1.266672849877591744e+01
1.267147973544670592e+01
1.267676707339490427e+01
1.268109689752949976e+01
1.268759937567550367e+01
1.269187716860623283e+01
1.269630408974876978e+01
1.270349261472189006e+01
1.270595782239157856e+01
1.271395370443356043e+01
1.271529041898872947e+01
1.271916274899793819e+01
1.272905412040115714e+01
1.272973039919501836e+01
1.273912628953754478e+01
1.273871121788419636e+01
1.274211151505704365e+01
1.275349098981165241e+01
1.275149260971640786e+01
1.275376582171718276e+01
1.276711797896190781e+01
1.276413118504485666e+01
1.277624198477705875e+01
1.277145145690513495e+01
1.277366523436748835e+01
1.278870762729222577e+01
1.278254494914839867e+01
1.279701084363134456e+01
1.278928030981230357e+01
1.279232787854389031e+01
1.280818801315081146e+01
1.280062335352569569e+01
1.281573023002878564e+01
1.280658797193359888e+01
1.280853587079868028e+01
1.282560764345442905e+01
1.281752376391557569e+01
1.281824826667974015e+01
1.283489004163165248e+01
1.282415417100787813e+01
1.284097308254659353e+01
1.282855770268310813e+01
1.283163573767057564e+01
1.284862570772350487e+01
1.283459009755480906e+01
1.285359049339214010e+01
1.283984249077688311e+01
1.284257388140151335e+01
1.285975205379183173e+01
1.284657223718610730e+01
1.284557871141756635e+01
1.286485149503449854e+01
1.285033565266248523e+01
1.286830756551526989e+01
1.285350488047663120e+01
1.285287113120576308e+01
1.287185337534348939e+01
1.285627926573594593e+01
1.285726847371373793e+01
1.287452846675367191e+01
1.285963527541384721e+01
1.287643267907890277e+01
1.285928963890586019e+01
1.286090777982047406e+01
1.287759611675162752e+01
1.286146604662444304e+01
1.286202792877918988e+01
1.287797895489077327e+01
1.285980986701886053e+01
1.286156906606862194e+01
1.287724361838079723e+01
1.285995670467255536e+01
1.287680211847118983e+01
1.286100421811425853e+01
1.285868032577506348e+01
1.287481376768495878e+01
1.285723971962511136e+01
1.287344916726843103e+01
1.285413998859946361e+01
1.285324583981405944e+01
1.286963810774201633e+01
1.285268758691846180e+01
1.286737787968872837e+01
1.284799432819265341e+01
1.284735633889195583e+01
1.286224357238105220e+01
1.284782919784317379e+01
1.284369460768341931e+01
1.285686142185394054e+01
1.284042403011371469e+01
1.285323581547190130e+01
1.283631771464762572e+01
1.283445265313491390e+01
1.284648690153513328e+01
1.283083847204027883e+01
1.284214712616849674e+01
1.282608142596726708e+01
1.282380475304467637e+01
1.283442908422132511e+01
1.281957613216285985e+01
1.281766252147860641e+01
1.282629761000592872e+01
1.281221628233048548e+01
1.282095637949989886e+01
1.280584824630733465e+01
1.280300554955242553e+01
1.281177968138050360e+01
1.280019302403870718e+01
1.280604619967128777e+01
1.279185855144540795e+01
1.278961391925511037e+01
1.279626976178122888e+01
1.278482022176299715e+01
1.279001336034385439e+01
1.277814351552292926e+01
1.277399170766338088e+01
1.277975519400517435e+01
1.276931598372138055e+01
1.277312768628766015e+01
1.276227960875723610e+01
1.275961646829762408e+01
1.276258156096262120e+01
1.275328016527082475e+01
1.275568853382546841e+01
1.274659372123578294e+01
1.274336029598969056e+01
1.274492817110500553e+01
1.273767235373953000e+01
1.273794070145163815e+01
1.273099013656083400e+01
1.272784757834897640e+01
1.272724527832158259e+01
1.272102124229669862e+01
1.272017882380671772e+01
1.271489978037125113e+01
1.271134907988567697e+01
1.270954413427671170e+01
1.270509770752010859e+01
1.270181057188908369e+01
1.269901291751441796e+01
1.269552164718187903e+01
2.000000000000000000e+01
0.000000000000000000e+00
6.912555005950927756e-01
2.437125137130737418e+00
4.649188777916336335e+00
5.018361756026268772e+00
7.257617588184769097e+00
8.436038349095950295e+00
8.960072512509421827e+00
1.068078583339882215e+01
1.153937023685501728e+01
1.315773747136257121e+01
1.427843369669065865e+01
1.540625552593330561e+01
1.655934962682039924e+01
1.794478595524045872e+01
1.895347373656739620e+01
1.997812723565374782e+01
2.000000000000000000e+01
2.000000000000000000e+01
2.000000000000000000e+01
2.000000000000000000e+01
2.000000000000000000e+01
2.000000000000000000e+01
2.000000000000000000e+01
2.000000000000000000e+01
2.000000000000000000e+01
2.000000000000000000e+01
2.000000000000000000e+01
2.000000000000000000e+01
2.000000000000000000e+01
2.000000000000000000e+01
2.000000000000000000e+01
2.000000000000000000e+01
2.000000000000000000e+01
2.000000000000000000e+01
2.000000000000000000e+01
2.000000000000000000e+01
2.000000000000000000e+01
2.000000000000000000e+01
2.000000000000000000e+01
2.000000000000000000e+01
2.000000000000000000e+01
2.000000000000000000e+01
2.000000000000000000e+01
2.000000000000000000e+01
2.000000000000000000e+01
2.000000000000000000e+01
2.000000000000000000e+01
2.000000000000000000e+01
2.000000000000000000e+01
2.000000000000000000e+01
2.000000000000000000e+01
2.000000000000000000e+01
2.000000000000000000e+01
2.000000000000000000e+01
2.000000000000000000e+01
2.000000000000000000e+01
2.000000000000000000e+01
2.000000000000000000e+01
2.000000000000000000e+01
2.000000000000000000e+01
2.000000000000000000e+01
2.000000000000000000e+01
2.000000000000000000e+01
2.000000000000000000e+01
2.000000000000000000e+01
2.000000000000000000e+01
2.000000000000000000e+01
2.000000000000000000e+01
2.000000000000000000e+01
2.000000000000000000e+01
2.000000000000000000e+01
2.000000000000000000e+01
2.000000000000000000e+01
2.000000000000000000e+01
2.000000000000000000e+01
2.000000000000000000e+01
2.000000000000000000e+01
2.000000000000000000e+01
2.000000000000000000e+01
2.000000000000000000e+01
2.000000000000000000e+01
2.000000000000000000e+01
2.000000000000000000e+01
2.000000000000000000e+01
2.000000000000000000e+01
2.000000000000000000e+01
2.000000000000000000e+01
2.000000000000000000e+01
2.000000000000000000e+01
2.000000000000000000e+01
2.000000000000000000e+01
2.000000000000000000e+01
2.000000000000000000e+01
2.000000000000000000e+01
2.000000000000000000e+01
2.000000000000000000e+01
2.000000000000000000e+01
2.000000000000000000e+01
2.000000000000000000e+01
2.000000000000000000e+01
2.000000000000000000e+01
2.000000000000000000e+01
2.000000000000000000e+01
2.000000000000000000e+01
2.000000000000000000e+01
2.000000000000000000e+01
2.000000000000000000e+01
2.000000000000000000e+01
2.000000000000000000e+01
2.000000000000000000e+01
2.000000000000000000e+01
2.000000000000000000e+01
2.000000000000000000e+01
2.000000000000000000e+01
2.000000000000000000e+01
2.000000000000000000e+01
2.000000000000000000e+01
2.000000000000000000e+01
2.000000000000000000e+01
2.000000000000000000e+01
2.000000000000000000e+01
2.000000000000000000e+01
2.000000000000000000e+01
2.000000000000000000e+01
2.000000000000000000e+01
2.000000000000000000e+01
2.000000000000000000e+01
2.000000000000000000e+01
2.000000000000000000e+01
2.000000000000000000e+01
2.000000000000000000e+01
2.000000000000000000e+01
2.000000000000000000e+01
2.000000000000000000e+01
2.000000000000000000e+01
2.000000000000000000e+01
2.000000000000000000e+01
2.000000000000000000e+01
2.000000000000000000e+01
2.000000000000000000e+01
2.000000000000000000e+01
2.000000000000000000e+01
2.000000000000000000e+01
2.000000000000000000e+01
2.000000000000000000e+01
2.000000000000000000e+01
2.000000000000000000e+01
2.000000000000000000e+01
2.000000000000000000e+01
2.000000000000000000e+01
2.000000000000000000e+01
2.000000000000000000e+01
2.000000000000000000e+01
2.000000000000000000e+01
2.000000000000000000e+01
2.000000000000000000e+01
2.000000000000000000e+01
2.000000000000000000e+01
2.000000000000000000e+01
2.000000000000000000e+01
2.000000000000000000e+01
2.000000000000000000e+01
2.000000000000000000e+01
2.000000000000000000e+01
2.000000000000000000e+01
2.000000000000000000e+01
2.000000000000000000e+01
2.000000000000000000e+01
2.000000000000000000e+01
2.000000000000000000e+01
2.000000000000000000e+01
2.000000000000000000e+01
2.000000000000000000e+01
2.000000000000000000e+01
2.000000000000000000e+01
2.000000000000000000e+01
2.000000000000000000e+01
2.000000000000000000e+01
2.000000000000000000e+01
2.000000000000000000e+01
2.000000000000000000e+01
2.000000000000000000e+01
2.000000000000000000e+01
2.000000000000000000e+01
2.000000000000000000e+01
2.000000000000000000e+01
2.000000000000000000e+01
2.000000000000000000e+01
2.000000000000000000e+01
2.000000000000000000e+01
2.000000000000000000e+01
2.000000000000000000e+01
2.000000000000000000e+01
2.000000000000000000e+01
2.000000000000000000e+01
2.000000000000000000e+01
2.000000000000000000e+01
2.000000000000000000e+01
2.000000000000000000e+01
2.000000000000000000e+01
2.000000000000000000e+01
2.000000000000000000e+01
2.000000000000000000e+01
2.000000000000000000e+01
2.000000000000000000e+01
2.000000000000000000e+01
2.000000000000000000e+01
2.000000000000000000e+01
2.000000000000000000e+01
2.000000000000000000e+01
2.000000000000000000e+01
2.000000000000000000e+01
2.000000000000000000e+01
2.000000000000000000e+01
2.000000000000000000e+01
2.000000000000000000e+01
2.000000000000000000e+01
2.000000000000000000e+01
2.000000000000000000e+01
2.000000000000000000e+01
2.000000000000000000e+01
2.000000000000000000e+01
2.000000000000000000e+01
2.000000000000000000e+01
2.000000000000000000e+01
2.000000000000000000e+01
2.000000000000000000e+01
2.000000000000000000e+01
2.000000000000000000e+01
2.000000000000000000e+01
2.000000000000000000e+01
2.000000000000000000e+01
2.000000000000000000e+01
2.000000000000000000e+01
2.000000000000000000e+01
2.000000000000000000e+01
2.000000000000000000e+01
2.000000000000000000e+01
2.000000000000000000e+01
2.000000000000000000e+01
2.000000000000000000e+01
2.000000000000000000e+01
2.000000000000000000e+01
2.000000000000000000e+01
2.000000000000000000e+01
2.000000000000000000e+01
2.000000000000000000e+01
2.000000000000000000e+01
2.000000000000000000e+01
2.000000000000000000e+01
2.000000000000000000e+01
2.000000000000000000e+01
2.000000000000000000e+01
2.000000000000000000e+01
2.000000000000000000e+01
2.000000000000000000e+01
2.000000000000000000e+01
2.000000000000000000e+01
2.000000000000000000e+01
2.000000000000000000e+01
2.000000000000000000e+01
2.000000000000000000e+01
2.000000000000000000e+01
2.000000000000000000e+01
2.000000000000000000e+01
2.000000000000000000e+01
2.000000000000000000e+01
2.000000000000000000e+01
2.000000000000000000e+01
2.000000000000000000e+01
2.000000000000000000e+01
2.000000000000000000e+01
2.000000000000000000e+01
2.000000000000000000e+01
2.000000000000000000e+01
2.000000000000000000e+01
2.000000000000000000e+01
2.000000000000000000e+01
2.000000000000000000e+01
2.000000000000000000e+01
2.000000000000000000e+01
2.000000000000000000e+01
2.000000000000000000e+01
2.000000000000000000e+01
2.000000000000000000e+01
2.000000000000000000e+01
2.000000000000000000e+01
2.000000000000000000e+01
2.000000000000000000e+01
2.000000000000000000e+01
2.000000000000000000e+01
2.000000000000000000e+01
2.000000000000000000e+01
2.000000000000000000e+01
2.000000000000000000e+01
2.000000000000000000e+01
2.000000000000000000e+01
2.000000000000000000e+01
2.000000000000000000e+01
2.000000000000000000e+01
2.000000000000000000e+01
2.000000000000000000e+01
2.000000000000000000e+01
2.000000000000000000e+01
2.000000000000000000e+01
2.000000000000000000e+01
2.000000000000000000e+01
2.000000000000000000e+01
2.000000000000000000e+01
2.000000000000000000e+01
2.000000000000000000e+01
2.000000000000000000e+01
2.000000000000000000e+01
2.000000000000000000e+01
2.000000000000000000e+01
2.000000000000000000e+01
2.000000000000000000e+01
2.000000000000000000e+01
2.000000000000000000e+01
2.000000000000000000e+01
2.000000000000000000e+01
2.000000000000000000e+01
2.000000000000000000e+01
2.000000000000000000e+01
2.000000000000000000e+01
2.000000000000000000e+01
2.000000000000000000e+01
2.000000000000000000e+01
2.000000000000000000e+01
2.000000000000000000e+01
2.000000000000000000e+01
2.000000000000000000e+01
2.000000000000000000e+01
2.000000000000000000e+01
2.000000000000000000e+01
2.000000000000000000e+01
2.000000000000000000e+01
2.000000000000000000e+01
2.000000000000000000e+01
2.000000000000000000e+01
2.000000000000000000e+01
2.000000000000000000e+01
2.000000000000000000e+01
2.000000000000000000e+01
2.000000000000000000e+01
2.000000000000000000e+01
2.000000000000000000e+01
2.000000000000000000e+01
2.000000000000000000e+01
2.000000000000000000e+01
2.000000000000000000e+01
2.000000000000000000e+01
2.000000000000000000e+01
2.000000000000000000e+01
2.000000000000000000e+01
2.000000000000000000e+01
2.000000000000000000e+01
2.000000000000000000e+01
2.000000000000000000e+01
2.000000000000000000e+01
2.000000000000000000e+01
2.000000000000000000e+01
2.000000000000000000e+01
2.000000000000000000e+01
2.000000000000000000e+01
2.000000000000000000e+01
2.000000000000000000e+01
2.000000000000000000e+01
2.000000000000000000e+01
2.000000000000000000e+01
2.000000000000000000e+01
2.000000000000000000e+01
2.000000000000000000e+01
2.000000000000000000e+01
2.000000000000000000e+01
2.000000000000000000e+01
2.000000000000000000e+01
2.000000000000000000e+01
2.000000000000000000e+01
2.000000000000000000e+01
2.000000000000000000e+01
2.000000000000000000e+01
2.000000000000000000e+01
2.000000000000000000e+01
2.000000000000000000e+01
2.000000000000000000e+01
2.000000000000000000e+01
2.000000000000000000e+01
2.000000000000000000e+01
2.000000000000000000e+01
2.000000000000000000e+01
2.000000000000000000e+01
2.000000000000000000e+01
2.000000000000000000e+01
2.000000000000000000e+01
2.000000000000000000e+01
2.000000000000000000e+01
2.000000000000000000e+01
2.000000000000000000e+01
2.000000000000000000e+01
2.000000000000000000e+01
2.000000000000000000e+01
2.000000000000000000e+01
2.000000000000000000e+01
2.000000000000000000e+01
2.000000000000000000e+01
2.000000000000000000e+01
2.000000000000000000e+01
2.000000000000000000e+01
2.000000000000000000e+01
2.000000000000000000e+01
2.000000000000000000e+01
2.000000000000000000e+01
2.000000000000000000e+01
2.000000000000000000e+01
2.000000000000000000e+01
2.000000000000000000e+01
2.000000000000000000e+01
2.000000000000000000e+01
2.000000000000000000e+01
2.000000000000000000e+01
2.000000000000000000e+01
2.000000000000000000e+01
2.000000000000000000e+01
2.000000000000000000e+01
2.000000000000000000e+01
2.000000000000000000e+01
2.000000000000000000e+01
2.000000000000000000e+01
2.000000000000000000e+01
2.000000000000000000e+01
2.000000000000000000e+01
2.000000000000000000e+01
2.000000000000000000e+01
2.000000000000000000e+01
2.000000000000000000e+01
2.000000000000000000e+01
2.000000000000000000e+01
2.000000000000000000e+01
2.000000000000000000e+01
2.000000000000000000e+01
2.000000000000000000e+01
2.000000000000000000e+01
2.000000000000000000e+01
2.000000000000000000e+01
2.000000000000000000e+01
2.000000000000000000e+01
2.000000000000000000e+01
2.000000000000000000e+01
2.000000000000000000e+01
2.000000000000000000e+01
2.000000000000000000e+01
2.000000000000000000e+01
2.000000000000000000e+01
2.000000000000000000e+01
2.000000000000000000e+01
2.000000000000000000e+01
2.000000000000000000e+01
2.000000000000000000e+01
2.000000000000000000e+01
2.000000000000000000e+01
2.000000000000000000e+01
2.000000000000000000e+01
2.000000000000000000e+01
2.000000000000000000e+01
2.000000000000000000e+01
2.000000000000000000e+01
2.000000000000000000e+01
2.000000000000000000e+01
2.000000000000000000e+01
2.000000000000000000e+01
2.000000000000000000e+01
2.000000000000000000e+01
2.000000000000000000e+01
2.000000000000000000e+01
2.000000000000000000e+01
2.000000000000000000e+01
2.000000000000000000e+01
2.000000000000000000e+01
2.000000000000000000e+01
2.000000000000000000e+01
1.999775426654052879e+01
2.000000000000000000e+01
2.000000000000000000e+01
2.000000000000000000e+01
2.000000000000000000e+01
2.000000000000000000e+01
2.000000000000000000e+01
2.000000000000000000e+01
2.000000000000000000e+01
2.000000000000000000e+01
2.000000000000000000e+01
2.000000000000000000e+01
2.000000000000000000e+01
2.000000000000000000e+01
2.000000000000000000e+01
2.000000000000000000e+01
2.000000000000000000e+01
2.000000000000000000e+01
2.000000000000000000e+01
2.000000000000000000e+01
2.000000000000000000e+01
2.000000000000000000e+01
2.000000000000000000e+01
2.000000000000000000e+01
1.999669091967773582e+01
2.000000000000000000e+01
2.000000000000000000e+01
2.000000000000000000e+01
2.000000000000000000e+01
1.999416511325073387e+01
2.000000000000000000e+01
2.000000000000000000e+01
2.000000000000000000e+01
2.000000000000000000e+01
1.999168126849365379e+01
2.000000000000000000e+01
1.997994319060931190e+01
2.000000000000000000e+01
2.000000000000000000e+01
1.999989931849670555e+01
2.000000000000000000e+01
1.998833483089513763e+01
2.000000000000000000e+01
2.000000000000000000e+01
1.999883716372680809e+01
2.000000000000000000e+01
2.000000000000000000e+01
2.000000000000000000e+01
2.000000000000000000e+01
1.998441260127258445e+01
2.000000000000000000e+01
2.000000000000000000e+01
1.997407238749694969e+01
2.000000000000000000e+01
2.000000000000000000e+01
1.998396771220398094e+01
2.000000000000000000e+01
2.000000000000000000e+01
2.000000000000000000e+01
2.000000000000000000e+01
1.997902672557068016e+01
2.000000000000000000e+01
2.000000000000000000e+01
1.997751872805786277e+01
2.000000000000000000e+01
1.997674344420819281e+01
2.000000000000000000e+01
2.000000000000000000e+01
1.997524898318481590e+01
2.000000000000000000e+01
1.997446857987027258e+01
2.000000000000000000e+01
2.000000000000000000e+01
1.997561090258789207e+01
2.000000000000000000e+01
1.999218401392149858e+01
2.000000000000000000e+01
2.000000000000000000e+01
1.996190779475402977e+01
2.000000000000000000e+01
1.997024025021600835e+01
2.000000000000000000e+01
2.000000000000000000e+01
1.997118275431823875e+01
2.000000000000000000e+01
2.000000000000000000e+01
1.995770375994873191e+01
2.000000000000000000e+01
1.996640647394900370e+01
2.000000000000000000e+01
1.995629060676310473e+01
2.000000000000000000e+01
2.000000000000000000e+01
1.997729914454651023e+01
2.000000000000000000e+01
1.996470188761701792e+01
2.000000000000000000e+01
2.000000000000000000e+01
1.995295827655029441e+01
2.000000000000000000e+01
1.996139589357180455e+01
2.000000000000000000e+01
2.000000000000000000e+01
1.996344511775207664e+01
2.000000000000000000e+01
1.997797088747568139e+01
2.000000000000000000e+01
2.000000000000000000e+01
1.996056049136352684e+01
2.000000000000000000e+01
2.000000000000000000e+01
1.995660012034607078e+01
2.000000000000000000e+01
1.995594019788665818e+01
2.000000000000000000e+01
2.000000000000000000e+01
1.997199266223144676e+01
2.000000000000000000e+01
1.994525747754035194e+01
2.000000000000000000e+01
1.993596635613052115e+01
2.000000000000000000e+01
2.000000000000000000e+01
1.994947259692382957e+01
2.000000000000000000e+01
2.000000000000000000e+01
1.995908372668457176e+01
2.000000000000000000e+01
1.994998054949164512e+01
2.000000000000000000e+01
2.000000000000000000e+01
1.994031112460327293e+01
2.000000000000000000e+01
1.994801535147194826e+01
2.000000000000000000e+01
2.000000000000000000e+01
1.993853228358459617e+01
2.000000000000000000e+01
1.994612383701315039e+01
2.000000000000000000e+01
2.000000000000000000e+01
1.994491236476135398e+01
2.000000000000000000e+01
1.996049034871473182e+01
2.000000000000000000e+01
2.000000000000000000e+01
1.993856232432556297e+01
2.000000000000000000e+01
2.000000000000000000e+01
1.994731538562011863e+01
2.000000000000000000e+01
2.000000000000000000e+01
1.995660250453186180e+01
2.000000000000000000e+01
1.993239278678960957e+01
2.000000000000000000e+01
2.000000000000000000e+01
1.995954745082092430e+01
2.000000000000000000e+01
1.993277433178472435e+01
1.998850460578680099e+01
2.000000000000000000e+01
1.993900904233190019e+01
2.000000000000000000e+01
1.993691799242444418e+01
1.999904360639234113e+01
2.000000000000000000e+01
1.994167350134846473e+01
2.000000000000000000e+01
2.000000000000000000e+01
1.993449204234314109e+01
2.000000000000000000e+01
1.992640612909507780e+01
1.998256460286522085e+01
2.000000000000000000e+01
1.994164341986997613e+01
2.000000000000000000e+01
1.993242079524091537e+01
1.997831058080915412e+01
2.000000000000000000e+01
1.992635983252949217e+01
2.000000000000000000e+01
1.994540591776952709e+01
1.997471536009130588e+01
2.000000000000000000e+01
1.994876684818726531e+01
1.998752171935731070e+01
2.000000000000000000e+01
1.992584123866003054e+01
1.998216159864538355e+01
2.000000000000000000e+01
1.992906185535863983e+01
2.000000000000000000e+01
1.993429927698859316e+01
1.996352241178473719e+01
2.000000000000000000e+01
1.993196777993736646e+01
2.000000000000000000e+01
1.993353546129150899e+01
1.995903402104492841e+01
2.000000000000000000e+01
1.993000775103683964e+01
1.997079728636093776e+01
2.000000000000000000e+01
1.992176210804945313e+01
2.000000000000000000e+01
1.992359874030877975e+01
1.995774378825189643e+01
2.000000000000000000e+01
1.992876685381151347e+01
1.994950085668016726e+01
2.000000000000000000e+01
1.991843281874018601e+01
2.000000000000000000e+01
1.992083565341961915e+01
2.000000000000000000e+01
1.992638900426559090e+01
1.994255586083297516e+01
2.000000000000000000e+01
1.992528439978201860e+01
2.000000000000000000e+01
1.991312553224962301e+01
1.993715948667162152e+01
2.000000000000000000e+01
1.993654187037200742e+01
1.993159843069000203e+01
2.000000000000000000e+01
1.993453207141410388e+01
2.000000000000000000e+01
1.991709826554934182e+01
1.993724814289919678e+01
2.000000000000000000e+01
1.992176563560205338e+01
1.994233703699975990e+01
2.000000000000000000e+01
1.990039422750239240e+01
2.000000000000000000e+01
1.991419121170227768e+01
2.000000000000000000e+01
1.991928235294322391e+01
1.992300256758861110e+01
2.000000000000000000e+01
1.991945257249674484e+01
1.991578514905009101e+01
2.000000000000000000e+01
1.993028289787883978e+01
2.000000000000000000e+01
1.991232702992999748e+01
1.990987434914386611e+01
2.000000000000000000e+01
1.991771379784692186e+01
2.000000000000000000e+01
1.991700406826863556e+01
1.991247452323995049e+01
2.000000000000000000e+01
1.991586424087918772e+01
1.992334693912137666e+01
2.000000000000000000e+01
1.990874970498411400e+01
2.000000000000000000e+01
1.991995809423729114e+01
1.991840568200584727e+01
2.000000000000000000e+01
1.991297857064870414e+01
2.000000000000000000e+01
1.990158842369409697e+01
1.991306701732202811e+01
1.999604135073204603e+01
1.990937307663984157e+01
1.990446514221671137e+01
1.998809064233364197e+01
1.990025769318924986e+01
1.998308609057752960e+01
1.989039798016241178e+01
1.988677154806762815e+01
1.996743980167541110e+01
1.987935558589944662e+01
1.995769737442986980e+01
1.986561767411246748e+01
1.984992485375275351e+01
1.993432167783658571e+01
1.984904163692766588e+01
1.984383027706310898e+01
1.990876185773149487e+01
1.981962764129378840e+01
1.989143905784060706e+01
1.981270838483512264e+01
1.979074262767272074e+01
1.985953931744045775e+01
1.977327693282085619e+01
1.983834287683351505e+01
1.976205760841875758e+01
1.974013794654759835e+01
1.980114401585467476e+01
1.971947208503348037e+01
1.977652205523776630e+01
1.969615446525866886e+01
1.968953397220328938e+01
1.973468218131402807e+01
1.966575461965735983e+01
1.964443269392064195e+01
1.969040680021078060e+01
1.962268265154786206e+01
1.966154122012538963e+01
1.959695371914858342e+01
1.957165067887143550e+01
1.961337497086171311e+01
1.955009873821830269e+01
1.958204433612370110e+01
1.952070024952994487e+01
1.950147341933414680e+01
1.953114200877994833e+01
1.947390809130962097e+01
1.949789458754196758e+01
1.944321089180141016e+01
1.942488040898752644e+01
1.944500558092504505e+01
1.939534903445407465e+01
1.937931578367784979e+01
1.939141247732522899e+01
1.934767004380332267e+01
1.935629772679146043e+01
1.931241137269171304e+01
1.929766954298343862e+01
1.930171800544954408e+01
1.926427291510617934e+01
1.926589391517525840e+01
1.923015202998554685e+01
1.921556922705053694e+01
1.921121989911953065e+01
1.918168484037951771e+01
1.916674743851634588e+01
1.915694363281058799e+01
1.913354364307073041e+01
1.912125617117789744e+01
1.909987671103756313e+01
1.908499150004357858e+01
1.906796981249146228e+01
1.905158791137202812e+01
1.903735224362883827e+01
1.901564139205808601e+01
1.900621227015284731e+01
1.898128738180576391e+01
1.897403221672924900e+01
1.895938531077218769e+01
1.893108958151628585e+01
1.892939025619775606e+01
1.889804395605845144e+01
1.889876981732250982e+01
1.888565530930612013e+01
1.885053186520299207e+01
1.885574957122759088e+01
1.884431568534074941e+01
1.880502253784355560e+01
1.881211435834784851e+01
1.877461096837867061e+01
1.878970709244402215e+01
1.877855826966104758e+01
1.873284363862897095e+01
1.875253976241819132e+01
1.870521776411962378e+01
1.872638994824588821e+01
1.872012968969506019e+01
1.866760623237210481e+01
1.869106473884134800e+01
1.864232323419643222e+01
1.866623372355987698e+01
1.866009973493424567e+01
1.860813202611391404e+01
1.863830939436020628e+01
1.858557338185194041e+01
1.862039730487831335e+01
1.861162597443095024e+01
1.855634607144296666e+01
1.859159180468575912e+01
1.853669906562987890e+01
1.857696676562297711e+01
1.857625669078636577e+01
1.851287296216080236e+01
1.854737440470932341e+01
1.855063365025083399e+01
1.849099807059406686e+01
1.853766123386752795e+01
1.847694516501765349e+01
1.852454245570016411e+01
1.846396330238992789e+01
1.851100365879623055e+01
1.853659446754006979e+01
1.845206642688573595e+01
1.849726290157554942e+01
1.850165895772416036e+01
1.844113470717740455e+01
1.849107669334426518e+01
1.848676821594999353e+01
1.843303327715909390e+01
1.848861349557590827e+01
1.842809399544324123e+01
1.847704369094674703e+01
1.848572927173178115e+01
1.842528529629755596e+01
1.848284373122268320e+01
1.842360520651651257e+01
1.847432691012626904e+01
1.848398715632299982e+01
1.842560755945629580e+01
1.848391186421004662e+01
1.848040724079417174e+01
1.843064475246263711e+01
1.848534317453479758e+01
1.843370823665804181e+01
1.849520942101555576e+01
1.849774158408217417e+01
1.844415662004299250e+01
1.849244300620049586e+01
1.844964406598209550e+01
1.851019452055263770e+01
1.850725147177956131e+01
1.846351617958002578e+01
1.851675065491757977e+01
1.847222210748109461e+01
1.853195582386737073e+01
1.853651765639665072e+01
1.849063896768768700e+01
1.854611414841506445e+01
1.850238137010463291e+01
1.855680960004267632e+01
1.855926810197402688e+01
1.852354824411427359e+01
1.857139157784282091e+01
1.857609242595869503e+01
1.854595957649577542e+01
1.859232068352481448e+01
1.860549177900551143e+01
1.857093987379938582e+01
1.861818388503273525e+01
1.858729718104710216e+01
1.863798277658284519e+01
1.864569871063761752e+01
1.861570188530964032e+01
1.865538484644714146e+01
1.863348022838093243e+01
1.868043346589479015e+01
1.868818522679997685e+01
1.866402658963606243e+01
1.869925520689300313e+01
1.871688486461058787e+01
1.869506478623894807e+01
1.873144647471454505e+01
1.871540875587258057e+01
1.875127989871285550e+01
1.876339900226260582e+01
1.874818333580568108e+01
1.878024301800046914e+01
1.879019236569871865e+01
1.878130463112297122e+01
1.880782865690731853e+01
1.880281111231276014e+01
1.883097996449811262e+01
1.884257423503629525e+01
1.883678360799919105e+01
1.886181509254575062e+01
1.887241732864866250e+01
1.887090889837476126e+01
1.889267907080045816e+01
1.889332162598752873e+01
1.891422140177330391e+01
1.892380984931320853e+01
1.892747577517496893e+01
1.894418505029938160e+01
1.894988180658137722e+01
1.896590831420200374e+01
1.897501869849833156e+01
1.898359723675048016e+01
1.899578492757493464e+01
1.900507154271502230e+01
1.901675192044695351e+01
1.902540148356002447e+01
1.903858488253610304e+01
1.904592654713839650e+01
1.905460500960914771e+01
1.907065854409618666e+01
1.907573719060035700e+01
1.908209215606696674e+01
1.910181616199967891e+01
1.910323642154967771e+01
1.912244471383225175e+01
1.912217889789143044e+01
1.912847377394525239e+01
1.915191000688836098e+01
1.914698123273962338e+01
1.915438526857624169e+01
1.917993442342947219e+01
1.917374011847753579e+01
1.919863799551453099e+01
1.918906804173530745e+01
1.919565981934672649e+01
1.922445533414957808e+01
1.921548498083826217e+01
1.924189196520830691e+01
1.922650943799100176e+01
1.923578317411460503e+01
1.926535886602213665e+01
1.925030447034266601e+01
1.925248156948590150e+01
1.928701314224532126e+01
1.927208227597303747e+01
1.930179671344849623e+01
1.928130102533515711e+01
1.928658389200023393e+01
1.932080308814193614e+01
1.929907230365506265e+01
1.933349745080204229e+01
1.930879599421729509e+01
1.931375428590542143e+01
1.934948281736161491e+01
1.932509144522219913e+01
1.936029415542868293e+01
1.933367627935614763e+01
1.933246948939990162e+01
1.937293878802662661e+01
1.934528004453124339e+01
1.938164994473313030e+01
1.934938305249185575e+01
1.935608866890242297e+01
1.939138317578883530e+01
1.936161526513307152e+01
1.935820519568567377e+01
1.939885176042691484e+01
1.936822089567779770e+01
1.940415996844005164e+01
1.937302643929356805e+01
1.936551271668410124e+01
1.940824958018501434e+01
1.937815952077379578e+01
1.941164951408946138e+01
1.937656007011585402e+01
1.941397066860850629e+01
1.937743292037642107e+01
1.937853534012147350e+01
1.941415826435867942e+01
1.937600965077622561e+01
1.941419783168914037e+01
1.937993271984628407e+01
1.937519601758572563e+01
1.938380621674041393e+01
1.940962287032500910e+01
1.937489980129910094e+01
1.940754476309015786e+01
1.937021817975871940e+01
1.936947774146390344e+01
1.940115261530923974e+01
1.936657339122832511e+01
1.939721920564858237e+01
1.936453104021952498e+01
1.935695261385621890e+01
1.938843611423148872e+01
1.935195643429288737e+01
1.934845163751822028e+01
1.937763604891264535e+01
1.934891831835220444e+01
1.937132402056643699e+01
1.933869000057155674e+01
1.933121600562767739e+01
1.935853004297374014e+01
1.932639482168015022e+01
1.935031625560014490e+01
1.931531670217223962e+01
1.931439918989093840e+01
1.933542623209392985e+01
1.930487384972427023e+01
1.929959171816691921e+01
1.931953811064770932e+01
1.929010115546928006e+01
1.930914718225106697e+01
1.927816746938728798e+01
1.927605370767550497e+01
1.929155769579389101e+01
1.926585114961697087e+01
1.928025647836005163e+01
1.925220803486517696e+01
1.924554088674465646e+01
1.926107921477963103e+01
1.923694029224052926e+01
1.922853088989002046e+01
1.924137736432556522e+01
1.921871900984219650e+01
1.922854876660115409e+01
1.920403081394178813e+01
1.920068460179385283e+01
1.920790049890180029e+01
1.918735512203931393e+01
1.919441487901598009e+01
1.917331854001463043e+01
1.916743291524942450e+01
1.917302283017782116e+01
1.915592039081094100e+01
1.914818558457283260e+01
1.915155297168999482e+01
1.913648387859349853e+01
1.913750952196316391e+01
1.912265255442084211e+01
1.911623507092091501e+01
1.911588354073075280e+01
1.910379978779158705e+01
1.910173178041667441e+01
1.908986305469480627e+01
1.908410248911854978e+01
1.908026661900304788e+01
1.907068279608074235e+01
1.906392897578099621e+01
1.905895333535082159e+01
1.905100498940089437e+01
1.904490060997364154e+01
1.903870130345311296e+01
1.903294817785812398e+01
1.902422326969763589e+01
1.902033142485869632e+01
1.901433411207046476e+01
1.900405072567534859e+01
1.900216238970152460e+01
1.899602862695208927e+01
1.898443303758782719e+01
1.898374066965633844e+01
1.897143867457399224e+01
1.897242855363374048e+01
1.896698062049537725e+01
1.895286969344606121e+01
1.895523856039973865e+01
1.894992922350307296e+01
1.893498454533394693e+01
1.893940928666829393e+01
1.892320544996247023e+01
1.893006359728247290e+01
1.892384371430125256e+01
1.890684383216175135e+01
1.891356455903858347e+01
1.889591961050612667e+01
1.890593084482118158e+01
1.890193834932995998e+01
1.888134540564641028e+01
1.889034042881361586e+01
1.887143208233185376e+01
1.888300028449236123e+01
1.887805499445663671e+01
1.885823198262515277e+01
1.887033826087601796e+01
1.887022954616573500e+01
1.884643852014263388e+01
1.885765926848339191e+01
1.883823620278217348e+01
1.885353818149764038e+01
1.885366946996981952e+01
1.882843813436045011e+01
1.884171854455997419e+01
1.882146511049480253e+01
1.883899790129671104e+01
1.883908887247321928e+01
1.881359894298130797e+01
1.882884520687488816e+01
1.883089069251139236e+01
1.880659389521141733e+01
1.882353386203294576e+01
1.880180749606403623e+01
1.882200133038439205e+01
1.882172169602791811e+01
1.879708791558927317e+01
1.881784427973172669e+01
1.879385513282267794e+01
1.881280640629303846e+01
1.881555393635918350e+01
1.879093520885265889e+01
1.881038561929410236e+01
1.878877789959449274e+01
1.881083784929038671e+01
1.881245841759325899e+01
1.878803077242665154e+01
1.881061679709359780e+01
1.878741088014546889e+01
1.881071440834270803e+01
1.881083015430716898e+01
1.878856139621295540e+01
1.881036192186754974e+01
1.878911100787149735e+01
1.881274356782798307e+01
1.881638256936733100e+01
1.879241782750453282e+01
1.881165671476004420e+01
1.881710465327980941e+01
1.879626873864222247e+01
1.881948750723522679e+01
1.879895714403560802e+01
1.881968382962973507e+01
1.882500385193154457e+01
1.880470107337182029e+01
1.882375137074936688e+01
1.883109548699264124e+01
1.881138185381868055e+01
1.882960020971573556e+01
1.881543049377712151e+01
1.883726574235750917e+01
1.883844089871237770e+01
1.882347819912372344e+01
1.884527242677149417e+01
1.884830799429337489e+01
1.883265558302221976e+01
1.885153078220611178e+01
1.883841632042690151e+01
1.885878193402488634e+01
1.886294844696984185e+01
1.884880543055201585e+01
1.886604045250492945e+01
1.885532191799987345e+01
1.887599500298490440e+01
1.887866974798463104e+01
1.886687825408277774e+01
1.888342981268364795e+01
1.887417035232258655e+01
1.889199909396269561e+01
1.889593379062402789e+01
1.888645836184724658e+01
1.890134909387244733e+01
1.890687765323508529e+01
1.889902748275920175e+01
1.891235334419693004e+01
1.890714307284611451e+01
1.892234069361366977e+01
1.892521236249070427e+01
1.892033601611022320e+01
1.893268286879358442e+01
1.893748738145807664e+01
1.893367190163525038e+01
1.894541296792879947e+01
1.894245454810542384e+01
1.895363608375349074e+01
1.895805408662748448e+01
1.895612643639877248e+01
1.896599072433506450e+01
1.897023225529364865e+01
1.896985650240495858e+01
1.897808742524101788e+01
1.897884394643895334e+01
1.898661190205514160e+01
1.899086814850846849e+01
1.899251685745457863e+01
1.899937239237221220e+01
1.900316987925581458e+01
1.900611869303833856e+01
1.901104378646084214e+01
1.901502195634144954e+01
1.901984623932769125e+01
1.902355569506602251e+01
1.902832012417017893e+01
1.903141303353098479e+01
1.903547341995499309e+01
1.904130746926033879e+01
1.904348156843106565e+01
1.904989085045320252e+01
1.905060180798971814e+01
1.905828853807652123e+01
1.905804781102114731e+01
1.906201593813496586e+01
1.907038242453232968e+01
1.907071398497972936e+01
1.907280222685175985e+01
1.908217699896984243e+01
1.907992874966812380e+01
1.908988820434692713e+01
1.908676814032923019e+01
1.908971623107019511e+01
1.910068418040794569e+01
1.909711320146785596e+01
1.909997224081890010e+01
1.911101352679978405e+01
1.910562284591820870e+01
1.911777153137673579e+01
1.911103776401413867e+01
1.912423511682725774e+01
1.911777284665837229e+01
1.911913569679657243e+01
1.913297177291023843e+01
1.912628708641873487e+01
1.913888564334208553e+01
1.913134773740615202e+01
1.913402155492740064e+01
1.914675919985393548e+01
1.913805571383237591e+01
1.914075198334218797e+01
1.915387573316355230e+01
1.914490985225782538e+01
1.914652545292978303e+01
1.916026489664027821e+01
1.915092294820367158e+01
1.915044201876850849e+01
1.916577877225204674e+01
1.915465109009880251e+01
1.916943388946617333e+01
1.915841803086255268e+01
1.915846612112937208e+01
1.917368801846736304e+01
1.916231432064237339e+01
1.917660196328586864e+01
1.916282360090038495e+01
1.916385691646192058e+01
1.917938946755847951e+01
1.916766356526067483e+01
1.918149932725507156e+01
1.916828715106538183e+01
1.916754469215438661e+01
1.918313034633198555e+01
1.916914260109004786e+01
1.918425441049368985e+01
1.916996998401519647e+01
1.917024017459661067e+01
1.918464794776449978e+01
1.917063859552071747e+01
1.917129142611962678e+01
1.918439000582859322e+01
1.917019915880678127e+01
1.918421107351989363e+01
1.916849536177775448e+01
1.917001200709158226e+01
1.918263291470317711e+01
1.916821945560829832e+01
1.918165997833015268e+01
1.916755918529982594e+01
1.916525412212132906e+01
1.917892865329815066e+01
1.916524239603777957e+01
1.917726739445300765e+01
1.916225171584519060e+01
1.916120860713644447e+01
1.917342597957302885e+01
1.916137478263108562e+01
1.915826861235317935e+01
1.916926246922391286e+01
1.915617622168722178e+01
1.915531070145560477e+01
1.916451742223908994e+01
1.915150596358592239e+01
1.916136572759221579e+01
1.914711732571456793e+01
1.914673670951517437e+01
1.915556580029504019e+01
1.914329963628213704e+01
1.915186170704507873e+01
1.913842080668822021e+01
1.913770168579208075e+01
1.914532390667453043e+01
1.913312404672977607e+01
1.914105487565900177e+01
1.912917856490871316e+01
1.912750899099899726e+01
1.913393009426297198e+01
1.912337350300351702e+01
1.912073419860832502e+01
1.912649806503156569e+01
1.911599477802016978e+01
1.912158609470998272e+01
1.911126832149845001e+01
1.910933470469923634e+01
1.911364226581264347e+01
1.910449597362972085e+01
1.910132111295866864e+01
1.910542996974659857e+01
1.909683844471306813e+01
1.910005627952751084e+01
1.909227395707269181e+01
1.908828374226901659e+01
1.909153878396916326e+01
1.908380771860220904e+01
1.908594271054632685e+01
1.907805978209761832e+01
1.907662309691210467e+01
1.907724726180142127e+01
1.907143420464735684e+01
1.907160065087842327e+01
1.906578549700319769e+01
1.906330366406126942e+01
1.906291809100774870e+01
1.905812668010597477e+01
1.905551729740088618e+01
1.905428743162006455e+01
1.905048517393053942e+01
1.904770842268429476e+01
1.904574608153075843e+01
1.904289697709497986e+01
1.904014764033896867e+01
1.903742945583862678e+01
1.903464061333354707e+01
1.903177395854052278e+01
1.902981821722153910e+01
1.902731713300624605e+01
1.902358591727086079e+01
1.902256565933992505e+01
1.901820703275518198e+01
1.901749149858139987e+01
1.901582682309354766e+01
1.901044095006367129e+01
1.901055787006248110e+01
1.900529350427117592e+01
1.900559382163873323e+01
1.900404287196685260e+01
1.899793477293644273e+01
1.899903176928909332e+01
1.899787890948087110e+01
1.899094290784436367e+01
1.899329814210387823e+01
1.898633564729085421e+01
1.898815874663774750e+01
1.898779235705780621e+01
1.897989899193592223e+01
1.898333768217671746e+01
1.898080513955918391e+01
1.897382256207786000e+01
1.897662720757151789e+01
1.896971549070868335e+01
1.897442890838548024e+01
1.897181515236128391e+01
1.896428160625256609e+01
1.896885033202112680e+01
1.896066312749189464e+01
1.896652567672170875e+01
1.896489589883722715e+01
1.895603932903495092e+01
1.896125669824673565e+01
1.895287110924468976e+01
1.895930771426313299e+01
1.895897059675519358e+01
1.894904964945376946e+01
1.895580133206522788e+01
1.895466739295622460e+01
1.894563737171989715e+01
1.895261960507625787e+01
1.894335792722728939e+01
1.895049667661898951e+01
1.895055228470395647e+01
1.894076200207820904e+01
1.894685754629730923e+01
1.894682460648510514e+01
1.893839041192652672e+01
1.894696023225433734e+01
1.893699395214854064e+01
1.894580981293631794e+01
1.894588770809478362e+01
1.893579298617719076e+01
1.894358442174840818e+01
1.893483302820051861e+01
1.894377901413380627e+01
1.894410498432972290e+01
1.893438826836625921e+01
1.894230735664019249e+01
1.894358392635068000e+01
1.893431909512444022e+01
1.894174826208492846e+01
1.893412943844133522e+01
1.894323049817428739e+01
1.894342299294477883e+01
1.893482925887666823e+01
1.894354947135870404e+01
1.894472230455641082e+01
1.893601029720195328e+01
1.894424263328928504e+01
1.893667950590060656e+01
1.894603648899934711e+01
1.894715104556006580e+01
1.893863869519411836e+01
1.894698724499579967e+01
1.893978946767563443e+01
1.894926145489659319e+01
1.894982223122475773e+01
1.894238091687160264e+01
1.895067758185793139e+01
1.895234209264105019e+01
1.894528693793260388e+01
1.895333789218213738e+01
1.894713800514002244e+01
1.895488992732406786e+01
1.895782184614957799e+01
1.895064510302043104e+01
1.895791159498495304e+01
1.896000670872317428e+01
1.895436092230863068e+01
1.896122722685603534e+01
1.895673272204865967e+01
1.896457122994493716e+01
1.896557285724388464e+01
1.896093521247516378e+01
1.896826374070139565e+01
1.896937433089160052e+01
1.896536972130387610e+01
1.897257072340723028e+01
1.896831116626854197e+01
1.897551437547754105e+01
1.897699529793040796e+01
1.897319842607707230e+01
1.897969400224044634e+01
1.897637338059317358e+01
1.898267974131510272e+01
1.898394564040010479e+01
1.898147159469951717e+01
1.898678661384736799e+01
1.898863206447568430e+01
1.898665703975899532e+01
1.899204189434120593e+01
1.899010192433404853e+01
1.899528560314950454e+01
1.899666136789388915e+01
1.899549697233929635e+01
1.899992818461885236e+01
1.899902770672147412e+01
1.900332689254513951e+01
1.900537331110134787e+01
1.900454559393017107e+01
1.900821195360347104e+01
1.900971471052695705e+01
1.901001563469544564e+01
1.901339922783898473e+01
1.901364354688029223e+01
1.901641253122322794e+01
1.901802493350366419e+01
1.901907213034989752e+01
1.902151637074258161e+01
1.902342554182905587e+01
1.902450941080234159e+01
1.902620590975584136e+01
1.902805183711209480e+01
1.902959011051526517e+01
1.903134071260803850e+01
1.903332511810656413e+01
1.903417693837100089e+01
1.903677268060550176e+01
1.903724883448094829e+01
1.903893386516690001e+01
1.904179260413884123e+01
1.904240296255915510e+01
1.904515583037571602e+01
1.904491651121069751e+01
1.904621126309331913e+01
1.904990356546566943e+01
1.904954744863562155e+01
1.905307782692853280e+01
1.905181124313879337e+01
1.905297824062156664e+01
1.905745455815101153e+01
1.905573908052952703e+01
1.906035169926514428e+01
1.905881559788319279e+01
1.905903900849451205e+01
1.906434821091666265e+01
1.906266696822260798e+01
1.906706462832867288e+01
1.906514428922939075e+01
1.906613479735056771e+01
1.907080278002259277e+01
1.906795337002139590e+01
1.906832163697609417e+01
1.907412195227577811e+01
1.907242159867493569e+01
1.907180668194585493e+01
1.907734568136155318e+01
1.907339803958118907e+01
1.907501263480927634e+01
1.908015461319594408e+01
1.907701145651025953e+01
1.908208987965928927e+01
1.907751729285716635e+01
1.907761790569794869e+01
1.908428100483123302e+01
1.908036069766424703e+01
1.908585779365466095e+01
1.908191849946924989e+01
1.908123617537240690e+01
1.908768206977186210e+01
1.908280311946474939e+01
1.908888629832217632e+01
1.908434819977447461e+01
1.908498940784964759e+01
1.909031054720608367e+01
1.908538918888138980e+01
1.908475287130634612e+01
1.909127486737492063e+01
1.908645294270183612e+01
1.909199518918087435e+01
1.908620566772984262e+01
1.908596789268989369e+01
1.909239423767532173e+01
1.908669701108617289e+01
1.909270935699008476e+01
1.908674625329207686e+01
1.908680693874826417e+01
1.909263482315170535e+01
1.908724034167486394e+01
1.909265853515121947e+01
1.908660909382706095e+01
1.908687982886696588e+01
1.909214219199941454e+01
1.908640390689339483e+01
1.908634589131813186e+01
1.909136197942572366e+01
1.908591387931060979e+01
1.909087986325794972e+01
1.908511969715625867e+01
1.908326955905490152e+01
1.908950284515402629e+01
1.908354827598713044e+01
1.908865550672933864e+01
1.908238573275995265e+01
1.908261448947913408e+01
1.908692937273385581e+01
1.908147623412966354e+01
1.908583926463828817e+01
1.908039167272076142e+01
1.908466058828263101e+01
1.907885185230246705e+01
1.907826973033402496e+01
1.908241958529040616e+01
1.907795779341919484e+01
1.907624426102590220e+01
1.908007563829146491e+01
1.907532404163906747e+01
1.907854495001352646e+01
1.907341431880051275e+01
1.907268161667786188e+01
1.907584710414191065e+01
1.907121396047524442e+01
1.907410489337843984e+01
1.906919979542117360e+01
1.906833334803620517e+01
1.907112689758287161e+01
1.906743312559336800e+01
1.906927027145779618e+01
1.906478952961100148e+01
1.906421636649780282e+01
1.906613564102504910e+01
1.906272152369103168e+01
1.906143947738210898e+01
1.906297739675031977e+01
1.905920103701572543e+01
1.906085600573090844e+01
1.905708000842448868e+01
1.905619402944866891e+01
1.905746713989686469e+01
1.905437723943073891e+01
1.905367383841110041e+01
1.905410285840410012e+01
1.905126796701761549e+01
1.905187128619265025e+01
1.904922988555909313e+01
1.904794958316974629e+01
1.904840416069553655e+01
1.904631011453948375e+01
1.904537261172705698e+01
1.904500027695725706e+01
1.904317840916417737e+01
1.904275178752334696e+01
1.904087091348146998e+01
1.903972439229806568e+01
1.903930777458571200e+01
1.903746547728760774e+01
1.903701842859502591e+01
1.903590390994423132e+01
1.903497299836584133e+01
1.903369334215055986e+01
1.903281666490645918e+01
1.903170140155763335e+01
1.903040212763366057e+01
1.902950345870816662e+01
1.902820622589819166e+01
1.902730958608736600e+01
1.902698474589592337e+01
1.902500699936941331e+01
1.902511781759197973e+01
1.902414298717247476e+01
1.902197271985802729e+01
1.902202695189220094e+01
1.901993863638879745e+01
1.902021304599983864e+01
1.901794626766891483e+01
1.901815425898677248e+01
1.901796374001989065e+01
1.901513057799952833e+01
1.901639107353708980e+01
1.901331656100802547e+01
1.901423072147587590e+01
1.901363180955016219e+01
1.901073711448179182e+01
1.901179304844885465e+01
1.901113658212833712e+01
1.900827969224254943e+01
1.900921607831850224e+01
1.900661472937086671e+01
1.900864341735359631e+01
1.900797621215857447e+01
1.900449793952663313e+01
1.900673698138471224e+01
1.900613855801062968e+01
1.900257312979528734e+01
1.900463202901360660e+01
1.900125971210613685e+01
1.900352826471719325e+01
1.900303277914850142e+01
1.899957243287086683e+01
1.900150275811662226e+01
1.899840049727930591e+01
1.900087950843873941e+01
1.900113210035319256e+01
1.899704414469788460e+01
1.899937678738418967e+01
1.899607892496059591e+01
1.899961877815722744e+01
1.899898362789821249e+01
1.899508933797359234e+01
1.899770391044576812e+01
1.899433916069773787e+01
1.899755938725717996e+01
1.899734943370764384e+01
1.899359854743931919e+01
1.899701691947600324e+01
1.899693956768642167e+01
1.899309167510911678e+01
1.899608163166573505e+01
1.899269362756747626e+01
1.899639602636810309e+01
1.899575558002724307e+01
1.899245823034656055e+01
1.899596538239416432e+01
1.899583778745795826e+01
1.899241624555524055e+01
1.899593745974472014e+01
1.899238307689704541e+01
1.899593814100291311e+01
1.899590567924327189e+01
1.899263124311303486e+01
1.899664526474431270e+01
1.899283623894329409e+01
1.899602219187631746e+01
1.899646511165822460e+01
1.899333658304197670e+01
1.899695050730496604e+01
1.899730733026075669e+01
1.899407766073829507e+01
1.899754753352059566e+01
1.899453975243239867e+01
1.899780457192941441e+01
1.899860693255396171e+01
1.899551716742225338e+01
1.899923659245890661e+01
1.899617937897616571e+01
1.900008855031862609e+01
1.900046262033979616e+01
1.899749503740676460e+01
1.900057849728785087e+01
1.899828053740555234e+01
1.900152087029210435e+01
1.900261866271524980e+01
1.899978308432451257e+01
1.900289837285045280e+01
1.900290865489321490e+01
1.900131015419579583e+01
1.900415577524320554e+01
1.900231751344252373e+01
1.900529038092070522e+01
1.900581908296564038e+01
1.900404998046691674e+01
1.900675358122204628e+01
1.900517194444467961e+01
1.900805335368861293e+01
1.900873710809306516e+01
1.900707967083924999e+01
1.900984724453356378e+01
1.900832957450912986e+01
1.901122249487449167e+01
1.901201741582267957e+01
1.901042346075906053e+01
1.901244150313020853e+01
1.901171901223969485e+01
1.901367146600715330e+01
1.901421299864948722e+01
1.901375187300075709e+01
1.901577980731693884e+01
1.901629714706229635e+01
1.901585950805079150e+01
1.901767489595117411e+01
1.901855928354536474e+01
1.901802498002141206e+01
1.901983666632074588e+01
1.902076718715213488e+01
1.902025517521254017e+01
1.902140727340421833e+01
1.902166246926677928e+01
1.902266146726989859e+01
1.902337720986319169e+01
1.902378104561053362e+01
1.902478565652506859e+01
1.902519229127071654e+01
1.902619968518025573e+01
1.902689758924655905e+01
1.902733341548480439e+01
1.902837240206429215e+01
1.902876358121958944e+01
1.902972690740487138e+01
1.903050662961292261e+01
1.903092676323541710e+01
1.903105598299479695e+01
1.903228142810548462e+01
1.903237914617824700e+01
1.903288854524745588e+01
1.903424480169605459e+01
1.903425158076622736e+01
1.903555385125863353e+01
1.903552812988988308e+01
1.903616585528098781e+01
1.903745541849231770e+01
1.903749563301916936e+01
1.903873168369699442e+01
1.903871365042085984e+01
1.903933546413382416e+01
1.904058312761597449e+01
1.904063151119676434e+01
1.904025234114466869e+01
1.904231457466212163e+01
1.904129407695781140e+01
1.904341272243679484e+01
1.904248205082464196e+01
1.904286518662895844e+01
1.904493113232378221e+01
1.904389284689298023e+01
1.904594387495678376e+01
1.904481207251059516e+01
1.904547664043098365e+01
1.904733217185583882e+01
1.904627657561280074e+01
1.904826047503828690e+01
1.904711161281441179e+01
1.904755193893079834e+01
1.904950604825286931e+01
1.904861579953218964e+01
1.905036640515456270e+01
1.904841441956326875e+01
1.904855255267140635e+01
1.905130696098802545e+01
1.905030626903122126e+01
1.904984305837606939e+01
1.905225427754890077e+01
1.905011888008013798e+01
1.905281680888395712e+01
1.905068449557619914e+01
1.905100154528487622e+01
1.905346471875420278e+01
1.905128824910965690e+01
1.905389527337639777e+01
1.905174835175226988e+01
1.905428525710402710e+01
1.905093572667722412e+01
1.905451235384734332e+01
1.905246725648623496e+01
1.905236793342260881e+01
1.905480478208328066e+01
1.905245419117808936e+01
1.905498675460864177e+01
1.905274392412252382e+01
1.905272229923388139e+01
1.905506781825136997e+01
1.905296444778084108e+01
1.905514628290933032e+01
1.905289126480746376e+01
1.905278403881105831e+01
1.905504181162876165e+01
1.905290076760236317e+01
1.905266098666368535e+01
1.905482959040634938e+01
1.905251593814577049e+01
1.905468681921744434e+01
1.905224681314562929e+01
1.905215654032262762e+01
1.905426009202227533e+01
1.905219609196034014e+01
1.905401867503815794e+01
1.905154268548037777e+01
1.905168133150850096e+01
1.905343969211428146e+01
1.905108055617798968e+01
1.905090595226882755e+01
1.905274325502625388e+01
1.905010783491279369e+01
1.905225594338385164e+01
1.905012220017652069e+01
1.904941503474132602e+01
1.905138065978723105e+01
1.904978435043832619e+01
1.905087872427753126e+01
1.904877122503494036e+01
1.904807200371079290e+01
1.904986794957240193e+01
1.904814249175754171e+01
1.904925721498011626e+01
1.904709854670199221e+01
1.904716116256969016e+01
1.904817423448390912e+01
1.904669344459180635e+01
1.904750475479500338e+01
1.904611792773464174e+01
1.904564372204849576e+01
1.904641056189679205e+01
1.904484569431247110e+01
1.904567259943076962e+01
1.904417501009649172e+01
1.904376575576526776e+01
1.904447619804795622e+01
1.904303612741983898e+01
1.904368885572057124e+01
1.904218635984613783e+01
1.904174860518482504e+01
1.904240455978412072e+01
1.904080271469093333e+01
1.904154281896037659e+01
1.904003472477111103e+01
1.903946285934020111e+01
1.904015803378705485e+01
1.903875992479074242e+01
1.903925529763698776e+01
1.903771703745873722e+01
1.903803293112650152e+01
1.903787183443709807e+01
1.903731732959166933e+01
1.903701198108615600e+01
1.903645632379215513e+01
