6.630882853642106056e-04
6.630882853642106056e-04
6.600512424483895302e-04
6.600512424483895302e-04
6.568507524207234383e-04
1.443566009402275085e-02
1.443566009402275085e-02
4.514250904321670532e-02
4.514250904321670532e-02
8.949326723814010620e-02
1.475863903760910034e-01
1.475863903760910034e-01
2.216250896453857422e-01
2.216250896453857422e-01
2.928059697151184082e-01
2.928059697151184082e-01
3.636608123779296875e-01
4.383299052715301514e-01
4.383299052715301514e-01
5.085182189941406250e-01
5.085182189941406250e-01
5.824849605560302734e-01
6.520130038261413574e-01
6.520130038261413574e-01
7.252839207649230957e-01
7.252839207649230957e-01
7.941579818725585938e-01
8.546672463417053223e-01
8.546672463417053223e-01
9.269555211067199707e-01
9.269555211067199707e-01
1.006864786148071289e+00
1.074449181556701660e+00
1.074449181556701660e+00
1.145671725273132324e+00
1.145671725273132324e+00
1.212620377540588379e+00
1.212620377540588379e+00
1.283172965049743652e+00
1.349491834640502930e+00
1.349491834640502930e+00
1.407756209373474121e+00
1.477362632751464844e+00
1.477362632751464844e+00
1.542792081832885742e+00
1.542792081832885742e+00
1.611743807792663574e+00
1.611743807792663574e+00
1.668948054313659668e+00
1.737287998199462891e+00
1.737287998199462891e+00
1.801526904106140137e+00
1.801526904106140137e+00
1.869223952293395996e+00
1.932858705520629883e+00
1.932858705520629883e+00
1.996201992034912109e+00
1.996201992034912109e+00
2.062955141067504883e+00
2.125702381134033203e+00
2.125702381134033203e+00
2.191827774047851562e+00
2.191827774047851562e+00
2.253984928131103516e+00
2.312225580215454102e+00
2.312225580215454102e+00
2.381060361862182617e+00
2.381060361862182617e+00
2.435154914855957031e+00
2.492614507675170898e+00
2.492614507675170898e+00
2.553394079208374023e+00
2.553394079208374023e+00
2.617445468902587891e+00
2.677653074264526367e+00
2.677653074264526367e+00
2.737585306167602539e+00
2.737585306167602539e+00
2.800743341445922852e+00
2.853141307830810547e+00
2.853141307830810547e+00
2.912269592285156250e+00
2.974580764770507812e+00
2.974580764770507812e+00
3.033152818679809570e+00
3.033152818679809570e+00
3.088034391403198242e+00
3.146086931228637695e+00
3.146086931228637695e+00
3.203873395919799805e+00
3.203873395919799805e+00
3.264770746231079102e+00
3.322013616561889648e+00
3.322013616561889648e+00
3.382338047027587891e+00
3.382338047027587891e+00
3.432384967803955078e+00
3.488860368728637695e+00
3.488860368728637695e+00
3.541777133941650391e+00
3.587892293930053711e+00
3.587892293930053711e+00
3.646927595138549805e+00
3.646927595138549805e+00
3.695904731750488281e+00
3.751173019409179688e+00
3.751173019409179688e+00
3.809416532516479492e+00
3.809416532516479492e+00
3.864165067672729492e+00
3.915463924407958984e+00
3.915463924407958984e+00
3.969726562500000000e+00
3.969726562500000000e+00
4.023740768432617188e+00
4.074351787567138672e+00
4.074351787567138672e+00
4.127886772155761719e+00
4.127886772155761719e+00
4.184303760528564453e+00
4.237335205078125000e+00
4.237335205078125000e+00
4.289855957031250000e+00
4.336176872253417969e+00
4.336176872253417969e+00
4.382342338562011719e+00
4.382342338562011719e+00
4.437515258789062500e+00
4.489386558532714844e+00
4.489386558532714844e+00
4.537658691406250000e+00
4.588969707489013672e+00
4.588969707489013672e+00
4.640147686004638672e+00
4.640147686004638672e+00
4.694080829620361328e+00
4.694080829620361328e+00
4.744777679443359375e+00
4.798202991485595703e+00
4.798202991485595703e+00
4.848199844360351562e+00
4.848199844360351562e+00
4.901079654693603516e+00
4.950828075408935547e+00
4.950828075408935547e+00
5.002712726593017578e+00
5.002712726593017578e+00
5.054707527160644531e+00
5.054707527160644531e+00
5.109508037567138672e+00
5.161164760589599609e+00
5.161164760589599609e+00
5.209722042083740234e+00
5.209722042083740234e+00
5.255219936370849609e+00
5.303346633911132812e+00
5.303346633911132812e+00
5.354063987731933594e+00
5.354063987731933594e+00
5.407331943511962891e+00
5.449193000793457031e+00
5.449193000793457031e+00
5.504744529724121094e+00
5.504744529724121094e+00
5.548970699310302734e+00
5.548970699310302734e+00
5.595751762390136719e+00
5.642318725585937500e+00
5.642318725585937500e+00
5.690818786621093750e+00
5.690818786621093750e+00
5.736835479736328125e+00
5.785450935363769531e+00
5.785450935363769531e+00
5.830584049224853516e+00
5.830584049224853516e+00
5.873284339904785156e+00
5.923894882202148438e+00
5.923894882202148438e+00
5.965927124023437500e+00
5.965927124023437500e+00
6.015945434570312500e+00
6.050102233886718750e+00
6.050102233886718750e+00
6.096176624298095703e+00
6.140137672424316406e+00
6.140137672424316406e+00
6.184211254119873047e+00
6.184211254119873047e+00
6.230657100677490234e+00
6.230657100677490234e+00
6.274316310882568359e+00
6.320325374603271484e+00
6.320325374603271484e+00
6.376255989074707031e+00
6.376255989074707031e+00
6.421770572662353516e+00
6.421770572662353516e+00
6.464554309844970703e+00
6.509640693664550781e+00
6.509640693664550781e+00
6.552021980285644531e+00
6.552021980285644531e+00
6.596684455871582031e+00
6.596684455871582031e+00
6.646055698394775391e+00
6.687812328338623047e+00
6.687812328338623047e+00
6.730191230773925781e+00
6.730191230773925781e+00
6.766489028930664062e+00
6.810111522674560547e+00
6.810111522674560547e+00
6.850591659545898438e+00
6.850591659545898438e+00
6.891290187835693359e+00
6.934308052062988281e+00
6.934308052062988281e+00
6.976033687591552734e+00
6.976033687591552734e+00
7.015990257263183594e+00
7.056052207946777344e+00
7.056052207946777344e+00
7.098270893096923828e+00
7.098270893096923828e+00
7.137956142425537109e+00
7.175140857696533203e+00
7.175140857696533203e+00
7.219089508056640625e+00
7.219089508056640625e+00
7.260517597198486328e+00
7.294887542724609375e+00
7.294887542724609375e+00
7.332238197326660156e+00
7.332238197326660156e+00
7.368299007415771484e+00
7.406747817993164062e+00
7.406747817993164062e+00
7.445019721984863281e+00
7.445019721984863281e+00
7.485352516174316406e+00
7.523264884948730469e+00
7.523264884948730469e+00
7.557462692260742188e+00
7.557462692260742188e+00
7.594637393951416016e+00
7.632049083709716797e+00
7.632049083709716797e+00
7.670136928558349609e+00
7.702672958374023438e+00
7.702672958374023438e+00
7.739589691162109375e+00
7.739589691162109375e+00
7.778493881225585938e+00
7.815063476562500000e+00
7.815063476562500000e+00
7.849328994750976562e+00
7.849328994750976562e+00
7.885574340820312500e+00
7.921653747558593750e+00
7.921653747558593750e+00
7.955404281616210938e+00
7.955404281616210938e+00
7.991146564483642578e+00
8.026741981506347656e+00
8.026741981506347656e+00
8.056587219238281250e+00
8.089506149291992188e+00
8.089506149291992188e+00
8.124624252319335938e+00
8.124624252319335938e+00
8.159597396850585938e+00
8.196465492248535156e+00
8.196465492248535156e+00
8.230546951293945312e+00
8.230546951293945312e+00
8.266956329345703125e+00
8.301288604736328125e+00
8.301288604736328125e+00
8.330023765563964844e+00
8.365709304809570312e+00
8.365709304809570312e+00
8.398888587951660156e+00
8.398888587951660156e+00
8.428516387939453125e+00
8.464079856872558594e+00
8.464079856872558594e+00
8.496706962585449219e+00
8.496706962585449219e+00
8.526021957397460938e+00
8.561113357543945312e+00
8.561113357543945312e+00
8.593206405639648438e+00
8.593206405639648438e+00
8.627654075622558594e+00
8.656497001647949219e+00
8.656497001647949219e+00
8.690430641174316406e+00
8.690430641174316406e+00
8.722661972045898438e+00
8.754907608032226562e+00
8.754907608032226562e+00
8.787837028503417969e+00
8.787837028503417969e+00
8.819643974304199219e+00
8.849578857421875000e+00
8.849578857421875000e+00
8.883970260620117188e+00
8.883970260620117188e+00
8.913430213928222656e+00
8.913430213928222656e+00
8.944802284240722656e+00
8.977862358093261719e+00
8.977862358093261719e+00
9.007668495178222656e+00
9.007668495178222656e+00
9.039936065673828125e+00
9.070728302001953125e+00
9.070728302001953125e+00
9.101935386657714844e+00
9.101935386657714844e+00
9.135642051696777344e+00
9.167777061462402344e+00
9.167777061462402344e+00
9.196295738220214844e+00
9.196295738220214844e+00
9.227799415588378906e+00
9.227799415588378906e+00
9.257731437683105469e+00
9.289274215698242188e+00
9.289274215698242188e+00
9.319089889526367188e+00
9.319089889526367188e+00
9.348119735717773438e+00
9.348119735717773438e+00
9.377500534057617188e+00
9.408462524414062500e+00
9.408462524414062500e+00
9.435633659362792969e+00
9.435633659362792969e+00
9.465625762939453125e+00
9.494467735290527344e+00
9.494467735290527344e+00
9.523205757141113281e+00
9.523205757141113281e+00
9.551403045654296875e+00
9.576512336730957031e+00
9.576512336730957031e+00
9.604686737060546875e+00
9.632612228393554688e+00
9.632612228393554688e+00
9.655761718750000000e+00
9.655761718750000000e+00
9.684967994689941406e+00
9.712805747985839844e+00
9.712805747985839844e+00
9.739975929260253906e+00
9.739975929260253906e+00
9.767272949218750000e+00
9.793122291564941406e+00
9.793122291564941406e+00
9.818641662597656250e+00
9.818641662597656250e+00
9.845447540283203125e+00
9.874140739440917969e+00
9.874140739440917969e+00
9.898627281188964844e+00
9.898627281188964844e+00
9.921760559082031250e+00
9.949936866760253906e+00
9.949936866760253906e+00
9.973899841308593750e+00
9.973899841308593750e+00
1.000109195709228516e+01
1.000109195709228516e+01
1.002695751190185547e+01
1.005397415161132812e+01
1.005397415161132812e+01
1.007439041137695312e+01
1.007439041137695312e+01
1.009996604919433594e+01
1.012716770172119141e+01
1.012716770172119141e+01
1.014752674102783203e+01
1.014752674102783203e+01
1.017027664184570312e+01
1.019311618804931641e+01
1.019311618804931641e+01
1.021140575408935547e+01
1.023408317565917969e+01
1.023408317565917969e+01
1.025319862365722656e+01
1.025319862365722656e+01
1.027221107482910156e+01
1.029219722747802734e+01
1.029219722747802734e+01
1.031008625030517578e+01
1.031008625030517578e+01
1.032927894592285156e+01
1.034714508056640625e+01
1.034714508056640625e+01
1.036183261871337891e+01
1.036183261871337891e+01
1.037789058685302734e+01
1.037789058685302734e+01
1.039455604553222656e+01
1.040937614440917969e+01
1.040937614440917969e+01
1.042229747772216797e+01
1.042229747772216797e+01
1.043601322174072266e+01
1.044918060302734375e+01
1.044918060302734375e+01
1.046079730987548828e+01
1.046079730987548828e+01
1.047067832946777344e+01
1.047067832946777344e+01
1.048168754577636719e+01
1.049106025695800781e+01
1.049106025695800781e+01
1.049814319610595703e+01
1.049814319610595703e+01
1.050555610656738281e+01
1.051183032989501953e+01
1.051183032989501953e+01
1.051685810089111328e+01
1.051685810089111328e+01
1.052140998840332031e+01
1.052140998840332031e+01
1.052590084075927734e+01
1.052590084075927734e+01
1.052847385406494141e+01
1.053050041198730469e+01
1.053050041198730469e+01
1.053140544891357422e+01
1.053140544891357422e+01
1.053165531158447266e+01
1.053102207183837891e+01
1.053102207183837891e+01
1.052967357635498047e+01
1.052760219573974609e+01
1.052760219573974609e+01
1.052457618713378906e+01
1.052457618713378906e+01
1.052096652984619141e+01
1.052096652984619141e+01
1.051631546020507812e+01
1.051094055175781250e+01
1.051094055175781250e+01
1.050510787963867188e+01
1.050510787963867188e+01
1.049855422973632812e+01
1.049153518676757812e+01
1.049153518676757812e+01
1.048381137847900391e+01
1.048381137847900391e+01
1.047479724884033203e+01
1.046429347991943359e+01
1.046429347991943359e+01
1.045443916320800781e+01
1.045443916320800781e+01
1.044400691986083984e+01
1.044400691986083984e+01
1.043217372894287109e+01
1.042169284820556641e+01
1.042169284820556641e+01
1.041042327880859375e+01
1.039713478088378906e+01
1.039713478088378906e+01
1.038495540618896484e+01
1.038495540618896484e+01
1.037243080139160156e+01
1.035842227935791016e+01
1.035842227935791016e+01
1.034501838684082031e+01
1.034501838684082031e+01
1.033138084411621094e+01
1.031624507904052734e+01
1.031624507904052734e+01
1.030197429656982422e+01
1.030197429656982422e+01
1.028742027282714844e+01
1.027137660980224609e+01
1.027137660980224609e+01
1.025628662109375000e+01
1.025628662109375000e+01
1.024104595184326172e+01
1.022239208221435547e+01
1.022239208221435547e+01
1.020765972137451172e+01
1.020765972137451172e+01
1.019107055664062500e+01
1.017298984527587891e+01
1.017298984527587891e+01
1.015703010559082031e+01
1.015703010559082031e+01
1.014203643798828125e+01
1.012378025054931641e+01
1.012378025054931641e+01
1.010760116577148438e+01
1.009081649780273438e+01
1.009081649780273438e+01
1.007390499114990234e+01
1.007390499114990234e+01
1.005704689025878906e+01
1.004107475280761719e+01
1.004107475280761719e+01
1.002360057830810547e+01
1.002360057830810547e+01
1.000813579559326172e+01
9.991583824157714844e+00
9.991583824157714844e+00
9.978417396545410156e+00
9.978417396545410156e+00
9.962457656860351562e+00
9.945577621459960938e+00
9.945577621459960938e+00
9.931391716003417969e+00
9.931391716003417969e+00
9.915368080139160156e+00
9.900283813476562500e+00
9.900283813476562500e+00
9.885979652404785156e+00
9.885979652404785156e+00
9.871712684631347656e+00
9.871712684631347656e+00
9.856776237487792969e+00
9.843080520629882812e+00
9.843080520629882812e+00
9.831523895263671875e+00
9.831523895263671875e+00
9.818878173828125000e+00
9.805622100830078125e+00
9.805622100830078125e+00
9.794597625732421875e+00
9.794597625732421875e+00
9.783197402954101562e+00
9.773331642150878906e+00
9.773331642150878906e+00
9.762658119201660156e+00
9.762658119201660156e+00
9.752549171447753906e+00
9.742181777954101562e+00
9.742181777954101562e+00
9.733855247497558594e+00
9.733855247497558594e+00
9.724732398986816406e+00
9.718494415283203125e+00
9.718494415283203125e+00
9.711388587951660156e+00
9.705073356628417969e+00
9.705073356628417969e+00
9.698209762573242188e+00
9.698209762573242188e+00
9.691963195800781250e+00
9.685832977294921875e+00
9.685832977294921875e+00
9.680930137634277344e+00
9.680930137634277344e+00
9.676292419433593750e+00
9.672421455383300781e+00
9.672421455383300781e+00
9.669022560119628906e+00
9.665965080261230469e+00
9.665965080261230469e+00
9.663848876953125000e+00
9.663848876953125000e+00
9.661786079406738281e+00
9.660443305969238281e+00
9.660443305969238281e+00
9.659426689147949219e+00
9.658888816833496094e+00
9.658888816833496094e+00
9.658925056457519531e+00
9.658925056457519531e+00
9.659345626831054688e+00
9.660362243652343750e+00
9.660362243652343750e+00
9.661866188049316406e+00
9.661866188049316406e+00
9.663634300231933594e+00
9.666317939758300781e+00
9.666317939758300781e+00
9.668800354003906250e+00
9.668800354003906250e+00
9.671873092651367188e+00
9.675665855407714844e+00
9.675665855407714844e+00
9.679577827453613281e+00
9.679577827453613281e+00
9.684432029724121094e+00
9.688996315002441406e+00
9.688996315002441406e+00
9.694039344787597656e+00
9.694039344787597656e+00
9.700059890747070312e+00
9.706346511840820312e+00
9.706346511840820312e+00
9.712841987609863281e+00
9.712841987609863281e+00
9.719784736633300781e+00
9.727642059326171875e+00
9.727642059326171875e+00
9.734837532043457031e+00
9.734837532043457031e+00
9.743079185485839844e+00
9.743079185485839844e+00
9.751858711242675781e+00
9.760573387145996094e+00
9.760573387145996094e+00
9.768757820129394531e+00
9.777203559875488281e+00
9.777203559875488281e+00
9.785994529724121094e+00
9.785994529724121094e+00
9.795297622680664062e+00
9.805680274963378906e+00
9.805680274963378906e+00
9.814868927001953125e+00
9.814868927001953125e+00
9.824210166931152344e+00
9.834492683410644531e+00
9.834492683410644531e+00
9.844133377075195312e+00
9.844133377075195312e+00
9.854973793029785156e+00
9.864371299743652344e+00
9.864371299743652344e+00
9.874335289001464844e+00
9.874335289001464844e+00
9.885564804077148438e+00
9.896438598632812500e+00
9.896438598632812500e+00
9.905294418334960938e+00
9.905294418334960938e+00
9.916515350341796875e+00
9.927433013916015625e+00
9.927433013916015625e+00
9.938059806823730469e+00
9.938059806823730469e+00
9.948803901672363281e+00
9.958988189697265625e+00
9.958988189697265625e+00
9.968986511230468750e+00
9.968986511230468750e+00
9.980017662048339844e+00
9.990629196166992188e+00
9.990629196166992188e+00
1.000026226043701172e+01
1.000026226043701172e+01
1.000984859466552734e+01
1.002008724212646484e+01
1.002008724212646484e+01
1.002948188781738281e+01
1.002948188781738281e+01
1.003984355926513672e+01
1.004958438873291016e+01
1.004958438873291016e+01
1.005788707733154297e+01
1.005788707733154297e+01
1.006705284118652344e+01
1.007620620727539062e+01
1.007620620727539062e+01
1.008403587341308594e+01
1.009258270263671875e+01
1.009258270263671875e+01
1.010048770904541016e+01
1.010048770904541016e+01
1.010909748077392578e+01
1.011614704132080078e+01
1.011614704132080078e+01
1.012326717376708984e+01
1.012326717376708984e+01
1.012972640991210938e+01
1.013735771179199219e+01
1.013735771179199219e+01
1.014379215240478516e+01
1.014379215240478516e+01
1.014993000030517578e+01
1.015695095062255859e+01
1.015695095062255859e+01
1.016285991668701172e+01
1.016285991668701172e+01
1.016845417022705078e+01
1.017408370971679688e+01
1.017408370971679688e+01
1.017854881286621094e+01
1.017854881286621094e+01
1.018339824676513672e+01
1.018339824676513672e+01
1.018771934509277344e+01
1.019192886352539062e+01
1.019192886352539062e+01
1.019513130187988281e+01
1.019513130187988281e+01
1.019851779937744141e+01
1.019851779937744141e+01
1.020164394378662109e+01
1.020448780059814453e+01
1.020448780059814453e+01
1.020638656616210938e+01
1.020638656616210938e+01
1.020821762084960938e+01
1.020981597900390625e+01
1.020981597900390625e+01
1.021092605590820312e+01
1.021092605590820312e+01
1.021175765991210938e+01
1.021220111846923828e+01
1.021220111846923828e+01
1.021221160888671875e+01
1.021221160888671875e+01
1.021202182769775391e+01
1.021202182769775391e+01
1.021152496337890625e+01
1.021069049835205078e+01
1.021069049835205078e+01
1.020958614349365234e+01
1.020812606811523438e+01
1.020812606811523438e+01
1.020660972595214844e+01
1.020462512969970703e+01
1.020462512969970703e+01
1.020267486572265625e+01
1.020267486572265625e+01
1.020019912719726562e+01
1.019720268249511719e+01
1.019720268249511719e+01
1.019422531127929688e+01
1.019422531127929688e+01
1.019109249114990234e+01
1.019109249114990234e+01
1.018685150146484375e+01
1.018243122100830078e+01
1.018243122100830078e+01
1.017885398864746094e+01
1.017885398864746094e+01
1.017459392547607422e+01
1.016998767852783203e+01
1.016998767852783203e+01
1.016526699066162109e+01
1.016526699066162109e+01
1.016026592254638672e+01
1.015531158447265625e+01
1.015531158447265625e+01
1.014962482452392578e+01
1.014962482452392578e+01
1.014377975463867188e+01
1.013799190521240234e+01
1.013799190521240234e+01
1.013218402862548828e+01
1.013218402862548828e+01
1.012621212005615234e+01
1.012040519714355469e+01
1.012040519714355469e+01
1.011450672149658203e+01
1.011450672149658203e+01
1.010817718505859375e+01
1.010204124450683594e+01
1.010204124450683594e+01
1.009599494934082031e+01
1.009599494934082031e+01
1.008952903747558594e+01
1.008239555358886719e+01
1.008239555358886719e+01
1.007618236541748047e+01
1.007618236541748047e+01
1.007027339935302734e+01
1.006300640106201172e+01
1.006300640106201172e+01
1.005660152435302734e+01
1.005660152435302734e+01
1.005018615722656250e+01
1.004325771331787109e+01
1.004325771331787109e+01
1.003682899475097656e+01
1.003682899475097656e+01
1.002961921691894531e+01
1.002274036407470703e+01
1.002274036407470703e+01
1.001609706878662109e+01
1.001609706878662109e+01
1.000939273834228516e+01
1.000306701660156250e+01
1.000306701660156250e+01
9.996878623962402344e+00
9.996878623962402344e+00
9.990396499633789062e+00
9.984253883361816406e+00
9.984253883361816406e+00
9.978260993957519531e+00
9.972031593322753906e+00
9.972031593322753906e+00
9.966635704040527344e+00
9.966635704040527344e+00
9.960669517517089844e+00
9.954311370849609375e+00
9.954311370849609375e+00
9.948935508728027344e+00
9.948935508728027344e+00
9.943315505981445312e+00
9.938071250915527344e+00
9.938071250915527344e+00
9.933047294616699219e+00
9.933047294616699219e+00
9.927872657775878906e+00
9.922454833984375000e+00
9.922454833984375000e+00
9.917967796325683594e+00
9.917967796325683594e+00
9.913016319274902344e+00
9.913016319274902344e+00
9.908455848693847656e+00
9.904339790344238281e+00
9.904339790344238281e+00
9.900434494018554688e+00
9.896521568298339844e+00
9.896521568298339844e+00
9.892840385437011719e+00
9.892840385437011719e+00
9.889267921447753906e+00
9.886268615722656250e+00
9.886268615722656250e+00
9.883114814758300781e+00
9.883114814758300781e+00
9.880141258239746094e+00
9.877500534057617188e+00
9.877500534057617188e+00
9.875051498413085938e+00
9.872707366943359375e+00
9.872707366943359375e+00
9.870651245117187500e+00
9.870651245117187500e+00
9.868974685668945312e+00
9.868974685668945312e+00
9.867383956909179688e+00
9.865881919860839844e+00
9.865881919860839844e+00
9.864654541015625000e+00
9.863502502441406250e+00
9.863502502441406250e+00
9.862757682800292969e+00
9.862757682800292969e+00
9.862126350402832031e+00
9.861631393432617188e+00
9.861631393432617188e+00
9.861412048339843750e+00
9.861412048339843750e+00
9.861283302307128906e+00
9.861283302307128906e+00
9.861431121826171875e+00
9.861833572387695312e+00
9.861833572387695312e+00
9.862321853637695312e+00
9.862321853637695312e+00
9.863114356994628906e+00
9.864215850830078125e+00
9.864215850830078125e+00
9.865429878234863281e+00
9.865429878234863281e+00
9.866786003112792969e+00
9.868152618408203125e+00
9.868152618408203125e+00
9.869915008544921875e+00
9.869915008544921875e+00
9.871779441833496094e+00
9.873727798461914062e+00
9.873727798461914062e+00
9.876108169555664062e+00
9.876108169555664062e+00
9.878614425659179688e+00
9.880874633789062500e+00
9.880874633789062500e+00
9.883423805236816406e+00
9.883423805236816406e+00
9.886384963989257812e+00
9.889371871948242188e+00
9.889371871948242188e+00
9.892117500305175781e+00
9.892117500305175781e+00
9.895277976989746094e+00
9.898808479309082031e+00
9.898808479309082031e+00
9.902029037475585938e+00
9.902029037475585938e+00
9.905519485473632812e+00
9.909399032592773438e+00
9.909399032592773438e+00
9.912446022033691406e+00
9.912446022033691406e+00
9.916207313537597656e+00
9.920362472534179688e+00
9.920362472534179688e+00
9.923624038696289062e+00
9.923624038696289062e+00
9.927572250366210938e+00
9.931949615478515625e+00
9.931949615478515625e+00
9.935776710510253906e+00
9.935776710510253906e+00
9.939433097839355469e+00
9.943964004516601562e+00
9.943964004516601562e+00
9.947996139526367188e+00
9.947996139526367188e+00
9.952510833740234375e+00
9.956874847412109375e+00
9.956874847412109375e+00
9.961135864257812500e+00
9.961135864257812500e+00
9.965457916259765625e+00
9.969582557678222656e+00
9.969582557678222656e+00
9.973649024963378906e+00
9.973649024963378906e+00
9.978138923645019531e+00
9.982470512390136719e+00
9.982470512390136719e+00
9.986424446105957031e+00
9.986424446105957031e+00
9.990893363952636719e+00
9.994636535644531250e+00
9.994636535644531250e+00
9.998498916625976562e+00
9.998498916625976562e+00
1.000279235839843750e+01
1.000690555572509766e+01
1.000690555572509766e+01
1.001042556762695312e+01
1.001431560516357422e+01
1.001431560516357422e+01
1.001790714263916016e+01
1.001790714263916016e+01
1.002144908905029297e+01
1.002520179748535156e+01
1.002520179748535156e+01
1.002856349945068359e+01
1.002856349945068359e+01
1.003231143951416016e+01
1.003579998016357422e+01
1.003579998016357422e+01
1.003849029541015625e+01
1.003849029541015625e+01
1.004154300689697266e+01
1.004474258422851562e+01
1.004474258422851562e+01
1.004763412475585938e+01
1.005040073394775391e+01
1.005040073394775391e+01
1.005307769775390625e+01
1.005307769775390625e+01
1.005578422546386719e+01
1.005859851837158203e+01
1.005859851837158203e+01
1.006089782714843750e+01
1.006089782714843750e+01
1.006340694427490234e+01
1.006340694427490234e+01
1.006567573547363281e+01
1.006793022155761719e+01
1.006793022155761719e+01
1.006971073150634766e+01
1.006971073150634766e+01
1.007163143157958984e+01
1.007335758209228516e+01
1.007335758209228516e+01
1.007486343383789062e+01
1.007486343383789062e+01
1.007614707946777344e+01
1.007746219635009766e+01
1.007746219635009766e+01
1.007846164703369141e+01
1.007958507537841797e+01
1.007958507537841797e+01
1.008038139343261719e+01
1.008038139343261719e+01
1.008112239837646484e+01
1.008180332183837891e+01
1.008180332183837891e+01
1.008229351043701172e+01
1.008229351043701172e+01
1.008271503448486328e+01
1.008297443389892578e+01
1.008297443389892578e+01
1.008306980133056641e+01
1.008306980133056641e+01
1.008306694030761719e+01
1.008306694030761719e+01
1.008294486999511719e+01
1.008267784118652344e+01
1.008267784118652344e+01
1.008230590820312500e+01
1.008230590820312500e+01
1.008174419403076172e+01
1.008174419403076172e+01
1.008105468750000000e+01
1.008024692535400391e+01
1.008024692535400391e+01
1.007936859130859375e+01
1.007936859130859375e+01
1.007836437225341797e+01
1.007713890075683594e+01
1.007713890075683594e+01
1.007589340209960938e+01
1.007589340209960938e+01
1.007458496093750000e+01
1.007312107086181641e+01
1.007312107086181641e+01
1.007155132293701172e+01
1.007155132293701172e+01
1.006972026824951172e+01
1.006972026824951172e+01
1.006798553466796875e+01
1.006600761413574219e+01
1.006600761413574219e+01
1.006442832946777344e+01
1.006442832946777344e+01
1.006248188018798828e+01
1.006026935577392578e+01
1.006026935577392578e+01
1.005824947357177734e+01
1.005824947357177734e+01
1.005618095397949219e+01
1.005389022827148438e+01
1.005389022827148438e+01
1.005166912078857422e+01
1.005166912078857422e+01
1.004916954040527344e+01
1.004668617248535156e+01
1.004668617248535156e+01
1.004451656341552734e+01
1.004201412200927734e+01
1.004201412200927734e+01
1.003959560394287109e+01
1.003959560394287109e+01
1.003685665130615234e+01
1.003685665130615234e+01
1.003417682647705078e+01
1.003131198883056641e+01
1.003131198883056641e+01
1.002912330627441406e+01
1.002912330627441406e+01
1.002648258209228516e+01
1.002357864379882812e+01
1.002357864379882812e+01
1.002103424072265625e+01
1.002103424072265625e+01
1.001815605163574219e+01
1.001537704467773438e+01
1.001537704467773438e+01
1.001296329498291016e+01
1.001296329498291016e+01
1.001026248931884766e+01
1.000751590728759766e+01
1.000751590728759766e+01
1.000513553619384766e+01
1.000215148925781250e+01
1.000215148925781250e+01
1.000002765655517578e+01
1.000002765655517578e+01
9.997570991516113281e+00
9.994917869567871094e+00
9.994917869567871094e+00
9.992342948913574219e+00
9.992342948913574219e+00
9.989837646484375000e+00
9.987292289733886719e+00
9.987292289733886719e+00
9.984865188598632812e+00
9.984865188598632812e+00
9.982439994812011719e+00
9.980172157287597656e+00
9.980172157287597656e+00
9.977999687194824219e+00
9.977999687194824219e+00
9.975645065307617188e+00
9.973409652709960938e+00
9.973409652709960938e+00
9.971429824829101562e+00
9.971429824829101562e+00
9.969238281250000000e+00
9.967449188232421875e+00
9.967449188232421875e+00
9.965841293334960938e+00
9.965841293334960938e+00
9.963966369628906250e+00
9.962247848510742188e+00
9.962247848510742188e+00
9.960607528686523438e+00
9.958950042724609375e+00
9.958950042724609375e+00
9.957363128662109375e+00
9.957363128662109375e+00
9.955852508544921875e+00
9.954473495483398438e+00
9.954473495483398438e+00
9.953194618225097656e+00
9.953194618225097656e+00
9.951921463012695312e+00
9.950621604919433594e+00
9.950621604919433594e+00
9.949602127075195312e+00
9.949602127075195312e+00
9.948615074157714844e+00
9.947641372680664062e+00
9.947641372680664062e+00
9.946846008300781250e+00
9.946846008300781250e+00
9.946009635925292969e+00
9.945313453674316406e+00
9.945313453674316406e+00
9.944809913635253906e+00
9.944809913635253906e+00
9.944284439086914062e+00
9.943841934204101562e+00
9.943841934204101562e+00
9.943523406982421875e+00
9.943523406982421875e+00
9.943280220031738281e+00
9.943073272705078125e+00
9.943073272705078125e+00
9.942990303039550781e+00
9.942990303039550781e+00
9.942959785461425781e+00
9.943023681640625000e+00
9.943023681640625000e+00
9.943166732788085938e+00
9.943166732788085938e+00
9.943376541137695312e+00
9.943684577941894531e+00
9.943684577941894531e+00
9.944018363952636719e+00
9.944018363952636719e+00
9.944391250610351562e+00
9.944942474365234375e+00
9.944942474365234375e+00
9.945490837097167969e+00
9.945490837097167969e+00
9.946195602416992188e+00
9.946942329406738281e+00
9.946942329406738281e+00
9.947742462158203125e+00
9.947742462158203125e+00
9.948649406433105469e+00
9.949596405029296875e+00
9.949596405029296875e+00
9.950585365295410156e+00
9.950585365295410156e+00
9.951615333557128906e+00
9.952733993530273438e+00
9.952733993530273438e+00
9.953898429870605469e+00
9.953898429870605469e+00
9.955102920532226562e+00
9.956309318542480469e+00
9.956309318542480469e+00
9.957687377929687500e+00
9.957687377929687500e+00
9.958955764770507812e+00
9.960361480712890625e+00
9.960361480712890625e+00
9.961718559265136719e+00
9.961718559265136719e+00
9.963262557983398438e+00
9.964800834655761719e+00
9.964800834655761719e+00
9.966167449951171875e+00
9.966167449951171875e+00
9.967703819274902344e+00
9.967703819274902344e+00
9.969413757324218750e+00
9.971069335937500000e+00
9.971069335937500000e+00
9.972605705261230469e+00
9.972605705261230469e+00
9.974358558654785156e+00
9.975866317749023438e+00
9.975866317749023438e+00
9.977453231811523438e+00
9.979054450988769531e+00
9.979054450988769531e+00
9.980857849121093750e+00
9.980857849121093750e+00
9.982375144958496094e+00
9.984226226806640625e+00
9.984226226806640625e+00
9.985807418823242188e+00
9.985807418823242188e+00
9.987406730651855469e+00
9.989131927490234375e+00
9.989131927490234375e+00
9.990730285644531250e+00
9.990730285644531250e+00
9.992515563964843750e+00
9.994217872619628906e+00
9.994217872619628906e+00
9.995585441589355469e+00
9.995585441589355469e+00
9.997320175170898438e+00
9.998970031738281250e+00
9.998970031738281250e+00
1.000031280517578125e+01
1.000199604034423828e+01
1.000199604034423828e+01
1.000347042083740234e+01
1.000347042083740234e+01
1.000493144989013672e+01
1.000647735595703125e+01
1.000647735595703125e+01
1.000785827636718750e+01
1.000785827636718750e+01
1.000923252105712891e+01
1.001068687438964844e+01
1.001068687438964844e+01
1.001200580596923828e+01
1.001200580596923828e+01
1.001343345642089844e+01
1.001460075378417969e+01
1.001460075378417969e+01
1.001564788818359375e+01
1.001686191558837891e+01
1.001686191558837891e+01
1.001793670654296875e+01
1.001793670654296875e+01
1.001908016204833984e+01
1.002019786834716797e+01
1.002019786834716797e+01
1.002112865447998047e+01
1.002214145660400391e+01
1.002214145660400391e+01
1.002304744720458984e+01
1.002304744720458984e+01
1.002403926849365234e+01
1.002481651306152344e+01
1.002481651306152344e+01
1.002559566497802734e+01
1.002559566497802734e+01
1.002633571624755859e+01
1.002706146240234375e+01
1.002706146240234375e+01
1.002768516540527344e+01
1.002821731567382812e+01
1.002821731567382812e+01
1.002878856658935547e+01
1.002878856658935547e+01
1.002931404113769531e+01
1.002980422973632812e+01
1.002980422973632812e+01
1.003015708923339844e+01
1.003015708923339844e+01
1.003047561645507812e+01
1.003078460693359375e+01
1.003078460693359375e+01
1.003102016448974609e+01
1.003102016448974609e+01
1.003120613098144531e+01
1.003133964538574219e+01
1.003133964538574219e+01
1.003142452239990234e+01
1.003142452239990234e+01
1.003148174285888672e+01
1.003146553039550781e+01
1.003146553039550781e+01
1.003141117095947266e+01
1.003129196166992188e+01
1.003129196166992188e+01
1.003114414215087891e+01
1.003114414215087891e+01
1.003094291687011719e+01
1.003070926666259766e+01
1.003070926666259766e+01
1.003041553497314453e+01
1.003011608123779297e+01
1.003011608123779297e+01
1.002973937988281250e+01
1.002973937988281250e+01
1.002932453155517578e+01
1.002884578704833984e+01
1.002884578704833984e+01
1.002835941314697266e+01
1.002784919738769531e+01
1.002784919738769531e+01
1.002729606628417969e+01
1.002729606628417969e+01
1.002668094635009766e+01
1.002607440948486328e+01
1.002607440948486328e+01
1.002537631988525391e+01
1.002537631988525391e+01
1.002471923828125000e+01
1.002393817901611328e+01
1.002393817901611328e+01
1.002313137054443359e+01
1.002313137054443359e+01
1.002238845825195312e+01
1.002150917053222656e+01
1.002150917053222656e+01
1.002073097229003906e+01
1.001983833312988281e+01
1.001983833312988281e+01
1.001895427703857422e+01
1.001895427703857422e+01
1.001794719696044922e+01
1.001696968078613281e+01
1.001696968078613281e+01
1.001608180999755859e+01
1.001608180999755859e+01
1.001509380340576172e+01
1.001418304443359375e+01
1.001418304443359375e+01
1.001321029663085938e+01
1.001222801208496094e+01
1.001222801208496094e+01
1.001122379302978516e+01
1.001122379302978516e+01
1.001015186309814453e+01
1.000919342041015625e+01
1.000919342041015625e+01
1.000823020935058594e+01
1.000714206695556641e+01
1.000714206695556641e+01
1.000612354278564453e+01
1.000612354278564453e+01
1.000510406494140625e+01
1.000400447845458984e+01
1.000400447845458984e+01
1.000297451019287109e+01
1.000297451019287109e+01
1.000202560424804688e+01
1.000087738037109375e+01
1.000087738037109375e+01
9.999979972839355469e+00
9.998916625976562500e+00
9.998916625976562500e+00
9.998048782348632812e+00
9.998048782348632812e+00
9.997063636779785156e+00
9.996001243591308594e+00
9.996001243591308594e+00
9.995033264160156250e+00
9.994148254394531250e+00
9.994148254394531250e+00
9.993171691894531250e+00
9.993171691894531250e+00
9.992182731628417969e+00
9.991322517395019531e+00
9.991322517395019531e+00
9.990397453308105469e+00
9.989482879638671875e+00
9.989482879638671875e+00
9.988700866699218750e+00
9.988700866699218750e+00
9.987837791442871094e+00
9.987065315246582031e+00
9.987065315246582031e+00
9.986289024353027344e+00
9.986289024353027344e+00
9.985558509826660156e+00
9.984712600708007812e+00
9.984712600708007812e+00
9.983987808227539062e+00
9.983327865600585938e+00
9.983327865600585938e+00
9.982707977294921875e+00
9.982707977294921875e+00
9.981966018676757812e+00
9.981402397155761719e+00
9.981402397155761719e+00
9.980799674987792969e+00
9.980799674987792969e+00
9.980282783508300781e+00
9.979723930358886719e+00
9.979723930358886719e+00
9.979261398315429688e+00
9.979261398315429688e+00
9.978786468505859375e+00
9.978313446044921875e+00
9.978313446044921875e+00
9.977910041809082031e+00
9.977560043334960938e+00
9.977560043334960938e+00
9.977224349975585938e+00
9.977224349975585938e+00
9.976922035217285156e+00
9.976629257202148438e+00
9.976629257202148438e+00
9.976407051086425781e+00
9.976191520690917969e+00
9.976191520690917969e+00
9.976022720336914062e+00
9.976022720336914062e+00
9.975851058959960938e+00
9.975709915161132812e+00
9.975709915161132812e+00
9.975611686706542969e+00
9.975545883178710938e+00
9.975545883178710938e+00
9.975519180297851562e+00
9.975519180297851562e+00
9.975523948669433594e+00
9.975567817687988281e+00
9.975567817687988281e+00
9.975608825683593750e+00
9.975681304931640625e+00
9.975681304931640625e+00
9.975787162780761719e+00
9.975787162780761719e+00
9.975933074951171875e+00
9.976118087768554688e+00
9.976118087768554688e+00
9.976284980773925781e+00
9.976284980773925781e+00
9.976490020751953125e+00
9.976740837097167969e+00
9.976740837097167969e+00
9.976999282836914062e+00
9.977334976196289062e+00
9.977334976196289062e+00
9.977623939514160156e+00
9.977623939514160156e+00
9.977975845336914062e+00
9.978389739990234375e+00
9.978389739990234375e+00
9.978784561157226562e+00
9.978784561157226562e+00
9.979232788085937500e+00
9.979692459106445312e+00
9.979692459106445312e+00
9.980126380920410156e+00
9.980126380920410156e+00
9.980613708496093750e+00
9.981136322021484375e+00
9.981136322021484375e+00
9.981575965881347656e+00
9.982090950012207031e+00
9.982090950012207031e+00
9.982618331909179688e+00
9.982618331909179688e+00
9.983201980590820312e+00
9.983747482299804688e+00
9.983747482299804688e+00
9.984379768371582031e+00
9.984379768371582031e+00
9.984995841979980469e+00
9.985567092895507812e+00
9.985567092895507812e+00
9.986151695251464844e+00
9.986819267272949219e+00
9.986819267272949219e+00
9.987441062927246094e+00
9.987441062927246094e+00
9.988067626953125000e+00
9.988742828369140625e+00
9.988742828369140625e+00
9.989385604858398438e+00
9.990004539489746094e+00
9.990004539489746094e+00
9.990611076354980469e+00
9.990611076354980469e+00
9.991293907165527344e+00
9.991909027099609375e+00
9.991909027099609375e+00
9.992543220520019531e+00
9.993141174316406250e+00
9.993141174316406250e+00
9.993838310241699219e+00
9.994438171386718750e+00
9.994438171386718750e+00
9.995091438293457031e+00
9.995091438293457031e+00
9.995684623718261719e+00
9.996321678161621094e+00
9.996321678161621094e+00
9.996968269348144531e+00
9.996968269348144531e+00
9.997672080993652344e+00
9.998339653015136719e+00
9.998339653015136719e+00
9.998945236206054688e+00
9.998945236206054688e+00
9.999633789062500000e+00
1.000026035308837891e+01
1.000026035308837891e+01
1.000075626373291016e+01
1.000132465362548828e+01
1.000132465362548828e+01
1.000188446044921875e+01
1.000188446044921875e+01
1.000245666503906250e+01
1.000299644470214844e+01
1.000299644470214844e+01
1.000351238250732422e+01
1.000351238250732422e+01
1.000403881072998047e+01
1.000453758239746094e+01
1.000453758239746094e+01
1.000501060485839844e+01
1.000543880462646484e+01
1.000543880462646484e+01
1.000587558746337891e+01
1.000587558746337891e+01
1.000634574890136719e+01
1.000679302215576172e+01
1.000679302215576172e+01
1.000712680816650391e+01
1.000712680816650391e+01
1.000755214691162109e+01
1.000792598724365234e+01
1.000792598724365234e+01
1.000824451446533203e+01
1.000824451446533203e+01
1.000857543945312500e+01
1.000892353057861328e+01
1.000892353057861328e+01
1.000919628143310547e+01
1.000919628143310547e+01
1.000948143005371094e+01
1.000972557067871094e+01
1.000972557067871094e+01
1.000994968414306641e+01
1.000994968414306641e+01
1.001016426086425781e+01
1.001035881042480469e+01
1.001035881042480469e+01
1.001050281524658203e+01
1.001050281524658203e+01
1.001063442230224609e+01
1.001074600219726562e+01
1.001074600219726562e+01
1.001084899902343750e+01
1.001084899902343750e+01
1.001091670989990234e+01
1.001098251342773438e+01
1.001098251342773438e+01
1.001101875305175781e+01
1.001104545593261719e+01
1.001104545593261719e+01
1.001104640960693359e+01
1.001104640960693359e+01
1.001101207733154297e+01
1.003115844726562500e+01
1.003115844726562500e+01
9.995889663696289062e+00
9.995889663696289062e+00
9.959944725036621094e+00
9.930224418640136719e+00
9.930224418640136719e+00
9.913724899291992188e+00
9.913724899291992188e+00
9.901092529296875000e+00
9.895186424255371094e+00
9.895186424255371094e+00
9.899634361267089844e+00
9.899634361267089844e+00
9.909288406372070312e+00
9.927047729492187500e+00
9.927047729492187500e+00
9.950814247131347656e+00
9.950814247131347656e+00
9.977409362792968750e+00
1.000079631805419922e+01
1.000079631805419922e+01
1.002718830108642578e+01
1.005191612243652344e+01
1.005191612243652344e+01
1.007807350158691406e+01
1.007807350158691406e+01
1.010105419158935547e+01
1.012698650360107422e+01
1.012698650360107422e+01
1.015128421783447266e+01
1.017698669433593750e+01
1.017698669433593750e+01
1.019956684112548828e+01
1.019956684112548828e+01
1.022504806518554688e+01
1.025190067291259766e+01
1.025190067291259766e+01
1.027714157104492188e+01
1.027714157104492188e+01
1.030816268920898438e+01
1.030816268920898438e+01
1.033314609527587891e+01
1.035801506042480469e+01
1.035801506042480469e+01
1.038131713867187500e+01
1.038131713867187500e+01
1.040596580505371094e+01
1.043050098419189453e+01
1.043050098419189453e+01
1.045349025726318359e+01
1.045349025726318359e+01
1.047780895233154297e+01
1.050201511383056641e+01
1.050201511383056641e+01
1.052469635009765625e+01
1.055150318145751953e+01
1.055150318145751953e+01
1.057256984710693359e+01
1.057256984710693359e+01
1.059773731231689453e+01
1.061861705780029297e+01
1.061861705780029297e+01
1.064217853546142578e+01
1.064217853546142578e+01
1.066700935363769531e+01
1.068760871887207031e+01
1.068760871887207031e+01
1.071085453033447266e+01
1.073535156250000000e+01
1.073535156250000000e+01
1.075837802886962891e+01
1.075837802886962891e+01
1.078264427185058594e+01
1.078264427185058594e+01
1.080545520782470703e+01
1.082549476623535156e+01
1.082549476623535156e+01
1.084943580627441406e+01
1.087194061279296875e+01
1.087194061279296875e+01
1.089565658569335938e+01
1.089565658569335938e+01
1.091533184051513672e+01
1.093883705139160156e+01
1.093883705139160156e+01
1.096093273162841797e+01
1.096093273162841797e+01
1.098292636871337891e+01
1.100353431701660156e+01
1.100353431701660156e+01
1.102533245086669922e+01
1.102533245086669922e+01
1.104703140258789062e+01
1.106609535217285156e+01
1.106609535217285156e+01
1.108634471893310547e+01
1.110776424407958984e+01
1.110776424407958984e+01
1.112908554077148438e+01
1.112908554077148438e+01
1.114906311035156250e+01
1.117019462585449219e+01
1.117019462585449219e+01
1.119123077392578125e+01
1.119123077392578125e+01
1.121339797973632812e+01
1.123423576354980469e+01
1.123423576354980469e+01
1.125376033782958984e+01
1.127198791503906250e+01
1.127198791503906250e+01
1.129255676269531250e+01
1.129255676269531250e+01
1.131303215026855469e+01
1.133221721649169922e+01
1.133221721649169922e+01
1.135251045227050781e+01
1.135251045227050781e+01
1.137271022796630859e+01
1.139045715332031250e+01
1.139045715332031250e+01
1.140930843353271484e+01
1.142573642730712891e+01
1.142573642730712891e+01
1.144443511962890625e+01
1.144443511962890625e+01
1.146421432495117188e+01
1.148505878448486328e+01
1.148505878448486328e+01
1.150465202331542969e+01
1.150465202331542969e+01
1.152530002593994141e+01
1.154698657989501953e+01
1.154698657989501953e+01
1.156516265869140625e+01
1.156516265869140625e+01
1.158438873291015625e+01
1.160352706909179688e+01
1.160352706909179688e+01
1.162145900726318359e+01
1.164042758941650391e+01
1.164042758941650391e+01
1.165930938720703125e+01
1.165930938720703125e+01
1.167589759826660156e+01
1.169571590423583984e+01
1.169571590423583984e+01
1.171215724945068359e+01
1.172853183746337891e+01
1.172853183746337891e+01
1.174700927734375000e+01
1.174700927734375000e+01
1.176324367523193359e+01
1.178263759613037109e+01
1.178263759613037109e+01
1.179872798919677734e+01
1.181688404083251953e+01
1.181688404083251953e+01
1.183389663696289062e+01
1.183389663696289062e+01
1.185189247131347656e+01
1.186980533599853516e+01
1.186980533599853516e+01
1.188554286956787109e+01
1.190434360504150391e+01
1.190434360504150391e+01
1.191994190216064453e+01
1.191994190216064453e+01
1.193754291534423828e+01
1.195300674438476562e+01
1.195300674438476562e+01
1.197148132324218750e+01
1.197148132324218750e+01
1.198884582519531250e+01
1.200511741638183594e+01
1.200511741638183594e+01
1.202232837677001953e+01
1.203946113586425781e+01
1.203946113586425781e+01
1.205551433563232422e+01
1.205551433563232422e+01
1.207249450683593750e+01
1.208939743041992188e+01
1.208939743041992188e+01
1.210523509979248047e+01
1.210523509979248047e+01
1.212198829650878906e+01
1.213866424560546875e+01
1.213866424560546875e+01
1.215623760223388672e+01
1.215623760223388672e+01
1.217275714874267578e+01
1.219016551971435547e+01
1.219016551971435547e+01
1.220460796356201172e+01
1.220460796356201172e+01
1.222186183929443359e+01
1.223808002471923828e+01
1.223808002471923828e+01
1.225422477722167969e+01
1.225422477722167969e+01
1.227123832702636719e+01
1.228535270690917969e+01
1.228535270690917969e+01
1.230128097534179688e+01
1.230128097534179688e+01
1.231806564331054688e+01
1.233384418487548828e+01
1.233384418487548828e+01
1.234862804412841797e+01
1.234862804412841797e+01
1.236426544189453125e+01
1.237983226776123047e+01
1.237983226776123047e+01
1.239441776275634766e+01
1.240984630584716797e+01
1.240984630584716797e+01
1.242520332336425781e+01
1.242520332336425781e+01
1.243869590759277344e+01
1.245481491088867188e+01
1.245481491088867188e+01
1.246818733215332031e+01
1.248327827453613281e+01
1.248327827453613281e+01
1.249653530120849609e+01
1.249653530120849609e+01
1.251237392425537109e+01
1.252726173400878906e+01
1.252726173400878906e+01
1.254121208190917969e+01
1.254121208190917969e+01
1.255596828460693359e+01
1.256893157958984375e+01
1.256893157958984375e+01
1.258356094360351562e+01
1.259726810455322266e+01
1.259726810455322266e+01
1.261176681518554688e+01
1.261176681518554688e+01
1.262619972229003906e+01
1.263972377777099609e+01
1.263972377777099609e+01
1.265402793884277344e+01
1.265402793884277344e+01
1.266826725006103516e+01
1.268327331542968750e+01
1.268327331542968750e+01
1.269572257995605469e+01
1.270812129974365234e+01
1.270812129974365234e+01
1.272211265563964844e+01
1.273276901245117188e+01
1.274501800537109375e+01
1.274501800537109375e+01
1.275721740722656250e+01
1.275721740722656250e+01
1.277098369598388672e+01
1.278388309478759766e+01
1.278388309478759766e+01
1.279752731323242188e+01
1.281110954284667969e+01
1.281110954284667969e+01
1.282383632659912109e+01
1.282383632659912109e+01
1.283729743957519531e+01
1.284912395477294922e+01
1.284912395477294922e+01
1.286246967315673828e+01
1.287497425079345703e+01
1.287497425079345703e+01
1.288820171356201172e+01
1.288820171356201172e+01
1.290136814117431641e+01
1.291370582580566406e+01
1.291370582580566406e+01
1.292675495147705078e+01
1.292675495147705078e+01
1.293974590301513672e+01
1.295115756988525391e+01
1.295115756988525391e+01
1.296479225158691406e+01
1.296479225158691406e+01
1.297760772705078125e+01
1.298961639404296875e+01
1.298961639404296875e+01
1.300231838226318359e+01
1.300231838226318359e+01
1.301496219635009766e+01
1.302680969238281250e+01
1.302680969238281250e+01
1.303934192657470703e+01
1.305181598663330078e+01
1.305181598663330078e+01
1.306350421905517578e+01
1.306350421905517578e+01
1.307586860656738281e+01
1.308673095703125000e+01
1.308673095703125000e+01
1.309898853302001953e+01
1.311047363281250000e+01
1.311047363281250000e+01
1.312262153625488281e+01
1.312262153625488281e+01
1.313471508026123047e+01
1.314533901214599609e+01
1.314533901214599609e+01
1.315662479400634766e+01
1.316856193542480469e+01
1.316856193542480469e+01
1.318044471740722656e+01
1.318044471740722656e+01
1.319157791137695312e+01
1.320335578918457031e+01
1.320335578918457031e+01
1.321370220184326172e+01
1.322400760650634766e+01
1.322400760650634766e+01
1.323427104949951172e+01
1.324585247039794922e+01
1.324585247039794922e+01
1.325670433044433594e+01
1.325670433044433594e+01
1.326818275451660156e+01
1.327826786041259766e+01
1.327826786041259766e+01
1.328964805603027344e+01
1.329964637756347656e+01
1.329964637756347656e+01
1.331026649475097656e+01
1.331026649475097656e+01
1.332149982452392578e+01
1.333268165588378906e+01
1.333268165588378906e+01
1.334315967559814453e+01
1.335424232482910156e+01
1.335424232482910156e+01
1.336397933959960938e+01
1.336397933959960938e+01
1.337496662139892578e+01
1.338526248931884766e+01
1.338526248931884766e+01
1.339615249633789062e+01
1.340699291229248047e+01
1.340699291229248047e+01
1.341841602325439453e+01
1.341841602325439453e+01
1.342915439605712891e+01
1.343858814239501953e+01
1.343858814239501953e+01
1.344985961914062500e+01
1.344985961914062500e+01
1.346045303344726562e+01
1.346976089477539062e+01
1.346976089477539062e+01
1.347964763641357422e+01
1.347964763641357422e+01
1.349010562896728516e+01
1.350051498413085938e+01
1.350051498413085938e+01
1.351148509979248047e+01
1.351148509979248047e+01
1.352179718017578125e+01
1.353085708618164062e+01
1.353085708618164062e+01
1.354048061370849609e+01
1.355065917968750000e+01
1.355065917968750000e+01
1.356138706207275391e+01
1.356138706207275391e+01
1.357028579711914062e+01
1.358032894134521484e+01
1.358032894134521484e+01
1.358915233612060547e+01
1.359910774230957031e+01
1.359910774230957031e+01
1.360960006713867188e+01
1.360960006713867188e+01
1.361946296691894531e+01
1.362870407104492188e+01
1.362870407104492188e+01
1.363847923278808594e+01
1.363847923278808594e+01
1.364820957183837891e+01
1.365846347808837891e+01
1.365846347808837891e+01
1.366697120666503906e+01
1.366697120666503906e+01
1.367657089233398438e+01
1.368500518798828125e+01
1.368500518798828125e+01
1.369396305084228516e+01
1.369396305084228516e+01
1.370455169677734375e+01
1.371453285217285156e+01
1.371453285217285156e+01
1.372281265258789062e+01
1.372281265258789062e+01
1.373215675354003906e+01
1.374091243743896484e+01
1.374091243743896484e+01
1.375017356872558594e+01
1.375939273834228516e+01
1.375939273834228516e+01
1.376749134063720703e+01
1.376749134063720703e+01
1.377609443664550781e+01
1.378519439697265625e+01
1.378519439697265625e+01
1.379425334930419922e+01
1.380274105072021484e+01
1.380274105072021484e+01
1.381277179718017578e+01
1.381277179718017578e+01
1.382065582275390625e+01
1.383007335662841797e+01
1.383007335662841797e+01
1.383892631530761719e+01
1.383892631530761719e+01
1.384670352935791016e+01
1.385445022583007812e+01
1.385445022583007812e+01
1.386370468139648438e+01
1.386370468139648438e+01
1.387291336059570312e+01
1.388156986236572266e+01
1.388156986236572266e+01
1.389018726348876953e+01
1.389775753021240234e+01
1.389775753021240234e+01
1.390579891204833984e+01
1.391430473327636719e+01
1.391430473327636719e+01
1.392277240753173828e+01
1.392277240753173828e+01
1.393021106719970703e+01
1.393761920928955078e+01
1.393761920928955078e+01
1.394548892974853516e+01
1.395381259918212891e+01
1.395381259918212891e+01
1.396112632751464844e+01
1.396937847137451172e+01
1.396937847137451172e+01
1.397711181640625000e+01
1.397711181640625000e+01
1.398529052734375000e+01
1.399343299865722656e+01
1.399343299865722656e+01
1.400201320648193359e+01
1.400201320648193359e+01
1.400913143157958984e+01
1.401763534545898438e+01
1.401763534545898438e+01
1.402562904357910156e+01
1.402562904357910156e+01
1.403358650207519531e+01
1.404057693481445312e+01
1.404057693481445312e+01
1.404800319671630859e+01
1.405585765838623047e+01
1.405585765838623047e+01
1.406367588043212891e+01
1.407054519653320312e+01
1.407054519653320312e+01
1.407738685607910156e+01
1.407738685607910156e+01
1.408555984497070312e+01
1.409324264526367188e+01
1.409324264526367188e+01
1.410133838653564453e+01
1.410133838653564453e+01
1.410805511474609375e+01
1.411563491821289062e+01
1.411563491821289062e+01
1.412362289428710938e+01
1.412362289428710938e+01
1.413024997711181641e+01
1.413772773742675781e+01
1.413772773742675781e+01
1.414560794830322266e+01
1.414560794830322266e+01
1.415301609039306641e+01
1.416082191467285156e+01
1.416082191467285156e+01
1.416816043853759766e+01
1.417460727691650391e+01
1.417460727691650391e+01
1.418145465850830078e+01
1.418145465850830078e+01
1.418869781494140625e+01
1.419590854644775391e+01
1.419590854644775391e+01
1.420224285125732422e+01
1.420855236053466797e+01
1.420855236053466797e+01
1.421525382995605469e+01
1.421525382995605469e+01
1.422234249114990234e+01
1.422939872741699219e+01
1.422939872741699219e+01
1.423600959777832031e+01
1.424300384521484375e+01
1.424300384521484375e+01
1.424996566772460938e+01
1.424996566772460938e+01
1.425648784637451172e+01
1.426338768005371094e+01
1.426338768005371094e+01
1.427025604248046875e+01
1.427025604248046875e+01
1.427669143676757812e+01
1.428349876403808594e+01
1.428349876403808594e+01
1.429027462005615234e+01
1.429027462005615234e+01
1.429741573333740234e+01
1.430412769317626953e+01
1.430412769317626953e+01
1.431041717529296875e+01
1.431041717529296875e+01
1.431707000732421875e+01
1.432369232177734375e+01
1.432369232177734375e+01
1.432984256744384766e+01
1.433638954162597656e+01
1.433638954162597656e+01
1.434215641021728516e+01
1.434215641021728516e+01
1.434866333007812500e+01
1.435361957550048828e+01
1.435361957550048828e+01
1.436039829254150391e+01
1.436680507659912109e+01
1.436680507659912109e+01
1.437310409545898438e+01
1.437310409545898438e+01
1.437870311737060547e+01
1.438541507720947266e+01
1.438541507720947266e+01
1.439172458648681641e+01
1.439763641357421875e+01
1.439763641357421875e+01
1.440388965606689453e+01
1.440388965606689453e+01
1.441011428833007812e+01
1.441594696044921875e+01
1.441594696044921875e+01
1.442211627960205078e+01
1.442211627960205078e+01
1.442825794219970703e+01
1.443401145935058594e+01
1.443401145935058594e+01
1.444000339508056641e+01
1.444000339508056641e+01
1.444533824920654297e+01
1.445137310028076172e+01
1.445137310028076172e+01
1.445770549774169922e+01
1.445770549774169922e+01
1.446367740631103516e+01
1.446997737884521484e+01
1.446997737884521484e+01
1.447580337524414062e+01
1.448098754882812500e+01
1.448098754882812500e+01
1.448720359802246094e+01
1.448720359802246094e+01
1.449304676055908203e+01
1.449304676055908203e+01
1.449920463562011719e+01
1.450499248504638672e+01
1.450499248504638672e+01
1.451027774810791016e+01
1.451027774810791016e+01
1.451597309112548828e+01
1.452168464660644531e+01
1.452168464660644531e+01
1.452770328521728516e+01
1.452770328521728516e+01
1.453336048126220703e+01
1.453932285308837891e+01
1.453932285308837891e+01
1.454479980468750000e+01
1.454479980468750000e+01
1.454969882965087891e+01
1.455558204650878906e+01
1.455558204650878906e+01
1.456101608276367188e+01
1.456617832183837891e+01
1.456617832183837891e+01
1.457166004180908203e+01
1.457166004180908203e+01
1.457711601257324219e+01
1.458286666870117188e+01
1.458286666870117188e+01
1.458763694763183594e+01
1.458763694763183594e+01
1.459333610534667969e+01
1.459333610534667969e+01
1.459932136535644531e+01
1.460402488708496094e+01
1.460402488708496094e+01
1.460942173004150391e+01
1.461467552185058594e+01
1.461467552185058594e+01
1.461962604522705078e+01
1.461962604522705078e+01
1.462486267089843750e+01
1.463007545471191406e+01
1.463007545471191406e+01
1.463556861877441406e+01
1.463556861877441406e+01
1.464073181152343750e+01
1.464526844024658203e+01
1.464526844024658203e+01
1.465068817138671875e+01
1.465068817138671875e+01
1.465578269958496094e+01
1.466055583953857422e+01
1.466055583953857422e+01
1.466560459136962891e+01
1.466560459136962891e+01
1.467004108428955078e+01
1.467504596710205078e+01
1.467504596710205078e+01
1.468019390106201172e+01
1.468398857116699219e+01
1.468398857116699219e+01
1.468873691558837891e+01
1.469362735748291016e+01
1.469362735748291016e+01
1.469795036315917969e+01
1.469795036315917969e+01
1.470311450958251953e+01
1.470796871185302734e+01
1.470796871185302734e+01
1.471205425262451172e+01
1.471205425262451172e+01
1.471707630157470703e+01
1.472214698791503906e+01
1.472214698791503906e+01
1.472685050964355469e+01
1.472685050964355469e+01
1.473158740997314453e+01
1.473603439331054688e+01
1.473603439331054688e+01
1.474051475524902344e+01
1.474461841583251953e+01
1.474461841583251953e+01
1.474928188323974609e+01
1.474928188323974609e+01
1.475419712066650391e+01
1.475881767272949219e+01
1.475881767272949219e+01
1.476309204101562500e+01
1.476309204101562500e+01
1.476766300201416016e+01
1.477222156524658203e+01
1.477222156524658203e+01
1.477692985534667969e+01
1.477692985534667969e+01
1.478090286254882812e+01
1.478540039062500000e+01
1.478540039062500000e+01
1.478917407989501953e+01
1.479307174682617188e+01
1.479307174682617188e+01
1.479760932922363281e+01
1.480148601531982422e+01
1.480148601531982422e+01
1.480583000183105469e+01
1.480583000183105469e+01
1.480994415283203125e+01
1.481430912017822266e+01
1.481430912017822266e+01
1.481843090057373047e+01
1.481843090057373047e+01
1.482245826721191406e+01
1.482676601409912109e+01
1.482676601409912109e+01
1.483084583282470703e+01
1.483456897735595703e+01
1.483456897735595703e+01
1.483887767791748047e+01
1.483887767791748047e+01
1.484308052062988281e+01
1.484704589843750000e+01
1.484704589843750000e+01
1.485098648071289062e+01
1.485512924194335938e+01
1.485512924194335938e+01
1.485937213897705078e+01
1.485937213897705078e+01
1.486348915100097656e+01
1.486348915100097656e+01
1.486736679077148438e+01
1.487146949768066406e+01
1.487146949768066406e+01
1.487531471252441406e+01
1.487531471252441406e+01
1.487956714630126953e+01
1.488361358642578125e+01
1.488361358642578125e+01
1.488693904876708984e+01
1.489112949371337891e+01
1.489112949371337891e+01
1.489445972442626953e+01
1.489445972442626953e+01
1.489839363098144531e+01
1.490212059020996094e+01
1.490212059020996094e+01
1.490581512451171875e+01
1.490924167633056641e+01
1.490924167633056641e+01
1.491364860534667969e+01
1.491364860534667969e+01
1.491751384735107422e+01
1.491751384735107422e+01
1.492115879058837891e+01
1.492501354217529297e+01
1.492501354217529297e+01
1.492858409881591797e+01
1.493257236480712891e+01
1.493257236480712891e+01
1.493568038940429688e+01
1.493568038940429688e+01
1.493941307067871094e+01
1.494340610504150391e+01
1.494340610504150391e+01
1.494687271118164062e+01
1.494687271118164062e+01
1.495033359527587891e+01
1.495405578613281250e+01
1.495405578613281250e+01
1.495749282836914062e+01
1.496069145202636719e+01
1.496069145202636719e+01
1.496432685852050781e+01
1.496432685852050781e+01
1.496752166748046875e+01
1.497073745727539062e+01
1.497073745727539062e+01
1.497412776947021484e+01
1.497412776947021484e+01
1.497790145874023438e+01
1.498107528686523438e+01
1.498107528686523438e+01
1.498435878753662109e+01
1.498762416839599609e+01
1.498762416839599609e+01
1.499089050292968750e+01
1.499089050292968750e+01
1.499430370330810547e+01
1.499755001068115234e+01
1.499755001068115234e+01
1.500073528289794922e+01
1.500073528289794922e+01
1.500403690338134766e+01
1.500753211975097656e+01
1.500753211975097656e+01
1.501052474975585938e+01
1.501329898834228516e+01
1.501329898834228516e+01
1.501637935638427734e+01
1.501637935638427734e+01
1.501905345916748047e+01
1.502206993103027344e+01
1.502206993103027344e+01
1.502496623992919922e+01
1.502496623992919922e+01
1.502747344970703125e+01
1.503026008605957031e+01
1.503026008605957031e+01
1.503291511535644531e+01
1.503291511535644531e+01
1.503549861907958984e+01
1.503772544860839844e+01
1.503772544860839844e+01
1.503984928131103516e+01
1.504215335845947266e+01
1.504215335845947266e+01
1.504419326782226562e+01
1.504419326782226562e+01
1.504610061645507812e+01
1.504829597473144531e+01
1.504829597473144531e+01
1.505011844635009766e+01
1.505011844635009766e+01
1.505185413360595703e+01
1.505362033843994141e+01
1.505362033843994141e+01
1.505517482757568359e+01
1.505517482757568359e+01
1.505662250518798828e+01
1.505805110931396484e+01
1.505805110931396484e+01
1.505928993225097656e+01
1.506042098999023438e+01
1.506042098999023438e+01
1.506142330169677734e+01
1.506142330169677734e+01
1.506242179870605469e+01
1.506325912475585938e+01
1.506325912475585938e+01
1.506400680541992188e+01
1.506400680541992188e+01
1.506468582153320312e+01
1.506520652770996094e+01
1.506520652770996094e+01
1.506564903259277344e+01
1.506595897674560547e+01
1.506595897674560547e+01
1.506617164611816406e+01
1.506617164611816406e+01
1.506630897521972656e+01
1.506633377075195312e+01
1.506633377075195312e+01
1.506628799438476562e+01
1.506612300872802734e+01
1.506612300872802734e+01
1.506582641601562500e+01
1.506582641601562500e+01
1.506545352935791016e+01
1.506501388549804688e+01
1.506501388549804688e+01
1.506444644927978516e+01
1.506444644927978516e+01
1.506379604339599609e+01
1.506306362152099609e+01
1.506306362152099609e+01
1.506226253509521484e+01
1.506134605407714844e+01
1.506134605407714844e+01
1.506049251556396484e+01
1.506049251556396484e+01
1.505935573577880859e+01
1.505815029144287109e+01
1.505815029144287109e+01
1.505686759948730469e+01
1.505686759948730469e+01
1.505554294586181641e+01
1.505402374267578125e+01
1.505402374267578125e+01
1.505264186859130859e+01
1.505264186859130859e+01
1.505125617980957031e+01
1.504971599578857422e+01
1.504971599578857422e+01
1.504812908172607422e+01
1.504812908172607422e+01
1.504638767242431641e+01
1.504466438293457031e+01
1.504466438293457031e+01
1.504293918609619141e+01
1.504293918609619141e+01
1.504104709625244141e+01
1.503894233703613281e+01
1.503894233703613281e+01
1.503729629516601562e+01
1.503530502319335938e+01
1.503530502319335938e+01
1.503324985504150391e+01
1.503324985504150391e+01
1.503117942810058594e+01
1.503117942810058594e+01
1.502914810180664062e+01
1.502606868743896484e+01
1.502606868743896484e+01
1.502415084838867188e+01
1.502199077606201172e+01
1.502199077606201172e+01
1.501993751525878906e+01
1.501800918579101562e+01
1.501800918579101562e+01
1.501578712463378906e+01
1.501578712463378906e+01
1.501382637023925781e+01
1.501156520843505859e+01
1.501156520843505859e+01
1.500932979583740234e+01
1.500932979583740234e+01
1.500736331939697266e+01
1.500512027740478516e+01
1.500512027740478516e+01
1.500291633605957031e+01
1.500097656250000000e+01
1.500097656250000000e+01
1.499894142150878906e+01
1.499894142150878906e+01
1.499667739868164062e+01
1.499452018737792969e+01
1.499452018737792969e+01
1.499277687072753906e+01
1.499277687072753906e+01
1.499060344696044922e+01
1.498878288269042969e+01
1.498878288269042969e+01
1.498691177368164062e+01
1.498691177368164062e+01
1.498482131958007812e+01
1.498285579681396484e+01
1.498285579681396484e+01
1.498095703125000000e+01
1.498095703125000000e+01
1.497911357879638672e+01
1.497750091552734375e+01
1.497750091552734375e+01
1.497592830657958984e+01
1.497450923919677734e+01
1.497450923919677734e+01
1.497301769256591797e+01
1.497139072418212891e+01
1.497139072418212891e+01
1.496989536285400391e+01
1.496989536285400391e+01
1.496828842163085938e+01
1.496679782867431641e+01
1.496679782867431641e+01
1.496561908721923828e+01
1.496561908721923828e+01
1.496418666839599609e+01
1.496289062500000000e+01
1.496289062500000000e+01
1.496190929412841797e+01
1.496068477630615234e+01
1.496068477630615234e+01
1.495968151092529297e+01
1.495968151092529297e+01
1.495870590209960938e+01
1.495771598815917969e+01
1.495771598815917969e+01
1.495689678192138672e+01
1.495614433288574219e+01
1.495614433288574219e+01
1.495554065704345703e+01
1.495554065704345703e+01
1.495488262176513672e+01
1.495423507690429688e+01
1.495423507690429688e+01
1.495370292663574219e+01
1.495321655273437500e+01
1.495321655273437500e+01
1.495281219482421875e+01
1.495281219482421875e+01
1.495244312286376953e+01
1.495215320587158203e+01
1.495215320587158203e+01
1.495194244384765625e+01
1.495194244384765625e+01
1.495175838470458984e+01
1.495166015625000000e+01
1.495166015625000000e+01
1.495161819458007812e+01
1.495164394378662109e+01
1.495164394378662109e+01
1.495173072814941406e+01
1.495173072814941406e+01
1.495186424255371094e+01
1.495206928253173828e+01
1.495206928253173828e+01
1.495228195190429688e+01
1.495263957977294922e+01
1.495263957977294922e+01
1.495298004150390625e+01
1.495298004150390625e+01
1.495337867736816406e+01
1.495389747619628906e+01
1.495389747619628906e+01
1.495445728302001953e+01
1.495507240295410156e+01
1.495507240295410156e+01
1.495566749572753906e+01
1.495566749572753906e+01
1.495637989044189453e+01
1.495714569091796875e+01
1.495714569091796875e+01
1.495782279968261719e+01
1.495782279968261719e+01
1.495872688293457031e+01
1.495954799652099609e+01
1.495954799652099609e+01
1.496042442321777344e+01
1.496146297454833984e+01
1.496146297454833984e+01
1.496231746673583984e+01
1.496231746673583984e+01
1.496336650848388672e+01
1.496442222595214844e+01
1.496442222595214844e+01
1.496549701690673828e+01
1.496549701690673828e+01
1.496667003631591797e+01
1.496782016754150391e+01
1.496782016754150391e+01
1.496896076202392578e+01
1.496896076202392578e+01
1.497017192840576172e+01
1.497154903411865234e+01
1.497154903411865234e+01
1.497277450561523438e+01
1.497277450561523438e+01
1.497415637969970703e+01
1.497536468505859375e+01
1.497536468505859375e+01
1.497663211822509766e+01
1.497808170318603516e+01
1.497808170318603516e+01
1.497935581207275391e+01
1.497935581207275391e+01
1.498063659667968750e+01
1.498221111297607422e+01
1.498221111297607422e+01
1.498342800140380859e+01
1.498342800140380859e+01
1.498481559753417969e+01
1.498481559753417969e+01
1.498624324798583984e+01
1.498758697509765625e+01
1.498758697509765625e+01
1.498904800415039062e+01
1.498904800415039062e+01
1.499035453796386719e+01
1.499176311492919922e+01
1.499276638031005859e+01
1.499276638031005859e+01
1.499405574798583984e+01
1.499405574798583984e+01
1.499542808532714844e+01
1.499670505523681641e+01
1.499670505523681641e+01
1.499795341491699219e+01
1.499795341491699219e+01
1.499912166595458984e+01
1.500042819976806641e+01
1.500042819976806641e+01
1.500171184539794922e+01
1.500295162200927734e+01
1.500295162200927734e+01
1.500393009185791016e+01
1.500393009185791016e+01
1.500504207611083984e+01
1.500623989105224609e+01
1.500623989105224609e+01
1.500731277465820312e+01
1.500731277465820312e+01
1.500848007202148438e+01
1.500945854187011719e+01
1.500945854187011719e+01
1.501044464111328125e+01
1.501139926910400391e+01
1.501139926910400391e+01
1.501232719421386719e+01
1.501232719421386719e+01
1.501330280303955078e+01
1.501410675048828125e+01
1.501410675048828125e+01
1.501487445831298828e+01
1.501487445831298828e+01
1.501572036743164062e+01
1.501655006408691406e+01
1.501655006408691406e+01
1.501723861694335938e+01
1.501797485351562500e+01
1.501797485351562500e+01
1.501859664916992188e+01
1.501859664916992188e+01
1.501928043365478516e+01
1.501980972290039062e+01
1.501980972290039062e+01
1.502033805847167969e+01
1.502033805847167969e+01
1.502088165283203125e+01
1.502136135101318359e+01
1.502136135101318359e+01
1.502175045013427734e+01
1.502214908599853516e+01
1.502214908599853516e+01
1.502245712280273438e+01
1.502245712280273438e+01
1.502275466918945312e+01
1.502301311492919922e+01
1.502301311492919922e+01
1.502320480346679688e+01
1.502320480346679688e+01
1.502338695526123047e+01
1.502351093292236328e+01
1.502351093292236328e+01
1.502360725402832031e+01
1.502368736267089844e+01
1.502368736267089844e+01
1.502372264862060547e+01
1.502372264862060547e+01
1.502369403839111328e+01
1.502362346649169922e+01
1.502362346649169922e+01
1.502351188659667969e+01
1.502337646484375000e+01
1.502337646484375000e+01
1.502319431304931641e+01
1.502300262451171875e+01
1.502300262451171875e+01
1.502278041839599609e+01
1.502278041839599609e+01
1.502249908447265625e+01
1.502219867706298828e+01
1.502219867706298828e+01
1.502187252044677734e+01
1.502153205871582031e+01
1.502153205871582031e+01
1.502113723754882812e+01
1.502113723754882812e+01
1.502065753936767578e+01
1.502022171020507812e+01
1.502022171020507812e+01
1.501975536346435547e+01
1.501975536346435547e+01
1.501917362213134766e+01
1.501857757568359375e+01
1.501857757568359375e+01
1.501804351806640625e+01
1.501804351806640625e+01
1.501742076873779297e+01
1.501683807373046875e+01
1.501683807373046875e+01
1.501620674133300781e+01
1.501545143127441406e+01
1.501545143127441406e+01
1.501486492156982422e+01
1.501486492156982422e+01
1.501413536071777344e+01
1.501330089569091797e+01
1.501330089569091797e+01
1.501265907287597656e+01
1.501265907287597656e+01
1.501186847686767578e+01
1.501100063323974609e+01
1.501100063323974609e+01
1.501030826568603516e+01
1.500947284698486328e+01
1.500947284698486328e+01
1.500873279571533203e+01
1.500873279571533203e+01
1.500788116455078125e+01
1.500700759887695312e+01
1.500700759887695312e+01
1.500615119934082031e+01
1.500615119934082031e+01
1.500536823272705078e+01
1.500446987152099609e+01
1.500446987152099609e+01
1.500368404388427734e+01
1.500368404388427734e+01
1.500281047821044922e+01
1.500189399719238281e+01
1.500189399719238281e+01
1.500101757049560547e+01
1.500101757049560547e+01
1.500012302398681641e+01
1.499926662445068359e+01
1.499926662445068359e+01
1.499844264984130859e+01
1.499844264984130859e+01
1.499755954742431641e+01
1.499660873413085938e+01
1.499660873413085938e+01
1.499590206146240234e+01
1.499506092071533203e+01
1.499506092071533203e+01
1.499422359466552734e+01
1.499422359466552734e+01
1.499348449707031250e+01
1.499264049530029297e+01
1.499264049530029297e+01
1.499197673797607422e+01
1.499114131927490234e+01
1.499114131927490234e+01
1.499052143096923828e+01
1.499052143096923828e+01
1.498977565765380859e+01
1.498910999298095703e+01
1.498910999298095703e+01
1.498837852478027344e+01
1.498767089843750000e+01
1.498767089843750000e+01
1.498705863952636719e+01
1.498705863952636719e+01
1.498639774322509766e+01
1.498573112487792969e+01
1.498573112487792969e+01
1.498519611358642578e+01
1.498519611358642578e+01
1.498454093933105469e+01
1.498395061492919922e+01
1.498395061492919922e+01
1.498345661163330078e+01
1.498345661163330078e+01
1.498292064666748047e+01
1.498240756988525391e+01
1.498240756988525391e+01
1.498198795318603516e+01
1.498153114318847656e+01
1.498153114318847656e+01
1.498117637634277344e+01
1.498117637634277344e+01
1.498075675964355469e+01
1.498040771484375000e+01
1.498040771484375000e+01
1.498009872436523438e+01
1.497978591918945312e+01
1.497978591918945312e+01
1.497950458526611328e+01
1.497950458526611328e+01
1.497924613952636719e+01
1.497900104522705078e+01
1.497900104522705078e+01
1.497879505157470703e+01
1.497860813140869141e+01
1.497860813140869141e+01
1.497846508026123047e+01
1.497846508026123047e+01
1.497834014892578125e+01
1.497823047637939453e+01
1.497823047637939453e+01
1.497814083099365234e+01
1.497808170318603516e+01
1.497808170318603516e+01
1.497806358337402344e+01
1.497806358337402344e+01
1.497804927825927734e+01
1.497806262969970703e+01
1.497806262969970703e+01
1.497811126708984375e+01
1.497816848754882812e+01
1.497816848754882812e+01
1.497824954986572266e+01
1.497824954986572266e+01
1.497838306427001953e+01
1.497838306427001953e+01
1.497854995727539062e+01
1.497871398925781250e+01
1.497871398925781250e+01
1.497885704040527344e+01
1.497906494140625000e+01
1.497906494140625000e+01
1.497929859161376953e+01
1.497929859161376953e+01
1.497956180572509766e+01
1.497984123229980469e+01
1.497984123229980469e+01
1.498011589050292969e+01
1.498040390014648438e+01
1.498040390014648438e+01
1.498073959350585938e+01
1.498073959350585938e+01
1.498112106323242188e+01
1.498112106323242188e+01
1.498148918151855469e+01
1.498190402984619141e+01
1.498190402984619141e+01
1.498227310180664062e+01
1.498227310180664062e+01
1.498266983032226562e+01
1.498305225372314453e+01
1.498305225372314453e+01
1.498348426818847656e+01
1.498389053344726562e+01
1.498389053344726562e+01
1.498432445526123047e+01
1.498476409912109375e+01
1.498476409912109375e+01
1.498520374298095703e+01
1.498571681976318359e+01
1.498571681976318359e+01
1.498621273040771484e+01
1.498621273040771484e+01
1.498670005798339844e+01
1.498722362518310547e+01
1.498722362518310547e+01
1.498771476745605469e+01
1.498771476745605469e+01
1.498828887939453125e+01
1.498884105682373047e+01
1.498884105682373047e+01
1.498933029174804688e+01
1.498933029174804688e+01
1.498986911773681641e+01
1.499043941497802734e+01
1.499043941497802734e+01
1.499099636077880859e+01
1.499099636077880859e+01
1.499155902862548828e+01
1.499209880828857422e+01
1.499209880828857422e+01
1.499264144897460938e+01
1.499313926696777344e+01
1.499313926696777344e+01
1.499367904663085938e+01
1.499367904663085938e+01
1.499426937103271484e+01
1.499476432800292969e+01
1.499476432800292969e+01
1.499529743194580078e+01
1.499529743194580078e+01
1.499581432342529297e+01
1.499636745452880859e+01
1.499636745452880859e+01
1.499685955047607422e+01
1.499685955047607422e+01
1.499739551544189453e+01
1.499790573120117188e+01
1.499790573120117188e+01
1.499832439422607422e+01
1.499879455566406250e+01
1.499879455566406250e+01
1.499924278259277344e+01
1.499965000152587891e+01
1.499965000152587891e+01
1.500008773803710938e+01
1.500008773803710938e+01
1.500056648254394531e+01
1.500097179412841797e+01
1.500097179412841797e+01
1.500137042999267578e+01
1.500137042999267578e+01
1.500180816650390625e+01
1.500217723846435547e+01
1.500217723846435547e+01
1.500256252288818359e+01
1.500256252288818359e+01
1.500293254852294922e+01
1.500326442718505859e+01
1.500326442718505859e+01
1.500358009338378906e+01
1.500389194488525391e+01
1.500389194488525391e+01
1.500419998168945312e+01
1.500419998168945312e+01
1.500449848175048828e+01
1.500476074218750000e+01
1.500476074218750000e+01
1.500501155853271484e+01
1.500527095794677734e+01
1.500527095794677734e+01
1.500549697875976562e+01
1.500549697875976562e+01
1.500569152832031250e+01
1.500592327117919922e+01
1.500592327117919922e+01
1.500611209869384766e+01
1.500611209869384766e+01
1.500630474090576172e+01
1.500643634796142578e+01
1.500643634796142578e+01
1.500655078887939453e+01
1.500655078887939453e+01
1.500666427612304688e+01
1.500675868988037109e+01
1.500675868988037109e+01
1.500683307647705078e+01
1.500689506530761719e+01
1.500689506530761719e+01
1.500693225860595703e+01
1.500696563720703125e+01
1.500696563720703125e+01
1.500696754455566406e+01
1.500696754455566406e+01
1.500696468353271484e+01
1.500696182250976562e+01
1.500696182250976562e+01
1.500693130493164062e+01
1.500689315795898438e+01
1.500689315795898438e+01
1.500682926177978516e+01
1.500682926177978516e+01
1.500675487518310547e+01
1.500664806365966797e+01
1.500664806365966797e+01
1.500654506683349609e+01
1.500654506683349609e+01
1.500643634796142578e+01
1.500629711151123047e+01
1.500629711151123047e+01
1.500616168975830078e+01
1.500598621368408203e+01
1.500598621368408203e+01
1.500580787658691406e+01
1.500580787658691406e+01
1.500565052032470703e+01
1.500543117523193359e+01
1.500543117523193359e+01
1.500521850585937500e+01
1.500503158569335938e+01
1.500503158569335938e+01
1.500484561920166016e+01
1.500484561920166016e+01
1.500459194183349609e+01
1.500437641143798828e+01
1.500437641143798828e+01
1.500413227081298828e+01
1.500413227081298828e+01
1.500384330749511719e+01
1.500356674194335938e+01
1.500356674194335938e+01
1.500330638885498047e+01
1.500330638885498047e+01
1.500300407409667969e+01
1.500267601013183594e+01
1.500267601013183594e+01
1.500236797332763672e+01
1.500206947326660156e+01
1.500206947326660156e+01
1.500175857543945312e+01
1.500175857543945312e+01
1.500144481658935547e+01
1.500110626220703125e+01
1.500110626220703125e+01
1.500083637237548828e+01
1.500054645538330078e+01
1.500054645538330078e+01
1.500019168853759766e+01
1.500019168853759766e+01
1.499983119964599609e+01
1.499946403503417969e+01
1.499946403503417969e+01
1.499914741516113281e+01
1.499914741516113281e+01
1.499879169464111328e+01
1.499842929840087891e+01
1.499842929840087891e+01
1.499811744689941406e+01
1.499776649475097656e+01
1.499776649475097656e+01
1.499747848510742188e+01
1.499747848510742188e+01
1.499713230133056641e+01
1.499679851531982422e+01
1.499679851531982422e+01
1.499647235870361328e+01
1.499612712860107422e+01
1.499612712860107422e+01
1.499582481384277344e+01
1.499582481384277344e+01
1.499548435211181641e+01
1.499513721466064453e+01
1.499513721466064453e+01
1.499483966827392578e+01
1.499483966827392578e+01
1.499450397491455078e+01
1.499419021606445312e+01
1.499419021606445312e+01
1.499390316009521484e+01
1.499359893798828125e+01
1.499359893798828125e+01
1.499332618713378906e+01
1.499332618713378906e+01
1.499306678771972656e+01
1.499274921417236328e+01
1.499274921417236328e+01
1.499251270294189453e+01
1.499225139617919922e+01
1.499225139617919922e+01
1.499203395843505859e+01
1.499203395843505859e+01
1.499178314208984375e+01
1.499155521392822266e+01
1.499155521392822266e+01
1.499132728576660156e+01
1.499112033843994141e+01
1.499112033843994141e+01
1.499090099334716797e+01
1.499090099334716797e+01
1.499068355560302734e+01
1.499047851562500000e+01
1.499047851562500000e+01
1.499029064178466797e+01
1.499029064178466797e+01
1.499011135101318359e+01
1.498995399475097656e+01
1.498995399475097656e+01
1.498981380462646484e+01
1.498967361450195312e+01
1.498967361450195312e+01
1.498953342437744141e+01
1.498953342437744141e+01
1.498940181732177734e+01
1.498929023742675781e+01
1.498929023742675781e+01
1.498918819427490234e+01
1.498918819427490234e+01
1.498909187316894531e+01
1.498899078369140625e+01
1.498899078369140625e+01
1.498891925811767578e+01
1.498886203765869141e+01
1.498886203765869141e+01
1.498880195617675781e+01
1.498880195617675781e+01
1.498876476287841797e+01
1.498873615264892578e+01
1.498873615264892578e+01
1.498871135711669922e+01
1.498868370056152344e+01
1.498868370056152344e+01
1.498868656158447266e+01
1.498868656158447266e+01
1.498869514465332031e+01
1.498870372772216797e+01
1.498870372772216797e+01
1.498873710632324219e+01
1.498873710632324219e+01
1.498878383636474609e+01
1.498882865905761719e+01
1.498882865905761719e+01
1.498886966705322266e+01
1.498886966705322266e+01
1.498894119262695312e+01
1.498902130126953125e+01
1.498902130126953125e+01
1.498909568786621094e+01
1.498909568786621094e+01
1.498920249938964844e+01
1.498931694030761719e+01
1.498931694030761719e+01
1.498943805694580078e+01
1.498943805694580078e+01
1.498955154418945312e+01
1.498970317840576172e+01
1.498970317840576172e+01
1.498981952667236328e+01
1.498981952667236328e+01
1.498994350433349609e+01
1.499007320404052734e+01
1.499007320404052734e+01
1.499022865295410156e+01
1.499040699005126953e+01
1.499040699005126953e+01
1.499051761627197266e+01
1.499068832397460938e+01
1.499068832397460938e+01
1.499087810516357422e+01
1.499103641510009766e+01
1.499103641510009766e+01
1.499119377136230469e+01
1.499119377136230469e+01
1.499140167236328125e+01
1.499162673950195312e+01
1.499162673950195312e+01
1.499180698394775391e+01
1.499180698394775391e+01
1.499198627471923828e+01
1.499220848083496094e+01
1.499220848083496094e+01
1.499241828918457031e+01
1.499241828918457031e+01
1.499261379241943359e+01
1.499279689788818359e+01
1.499279689788818359e+01
1.499300289154052734e+01
1.499323844909667969e+01
1.499323844909667969e+01
1.499343681335449219e+01
1.499343681335449219e+01
1.499366855621337891e+01
1.499390697479248047e+01
1.499390697479248047e+01
1.499413108825683594e+01
1.499413108825683594e+01
1.499436283111572266e+01
1.499458408355712891e+01
1.499458408355712891e+01
1.499479103088378906e+01
1.499479103088378906e+01
1.499501991271972656e+01
1.499522495269775391e+01
1.499522495269775391e+01
1.499543857574462891e+01
1.499563789367675781e+01
1.499563789367675781e+01
1.499583721160888672e+01
1.499583721160888672e+01
1.499604606628417969e+01
1.499630069732666016e+01
1.499630069732666016e+01
1.499651241302490234e+01
1.499651241302490234e+01
1.499673366546630859e+01
1.499691772460937500e+01
1.499691772460937500e+01
1.499710559844970703e+01
1.499710559844970703e+01
1.499729156494140625e+01
1.499729156494140625e+01
1.499748897552490234e+01
1.499767398834228516e+01
1.499767398834228516e+01
1.499781894683837891e+01
1.499799442291259766e+01
1.499799442291259766e+01
1.499814701080322266e+01
1.499814701080322266e+01
1.499831199645996094e+01
1.499846553802490234e+01
1.499846553802490234e+01
1.499860954284667969e+01
1.499860954284667969e+01
1.499876213073730469e+01
1.499890518188476562e+01
1.499890518188476562e+01
1.499901103973388672e+01
1.499901103973388672e+01
1.499914455413818359e+01
1.499925613403320312e+01
1.499925613403320312e+01
1.499934864044189453e+01
1.499944686889648438e+01
1.499944686889648438e+01
1.499955081939697266e+01
1.499955081939697266e+01
1.499965381622314453e+01
1.499974441528320312e+01
1.499974441528320312e+01
1.499982070922851562e+01
1.499987888336181641e+01
1.499987888336181641e+01
1.499994468688964844e+01
1.499994468688964844e+01
1.500000286102294922e+01
1.500006389617919922e+01
1.500006389617919922e+01
1.500010108947753906e+01
1.500012969970703125e+01
1.500012969970703125e+01
1.500015640258789062e+01
1.500015640258789062e+01
1.500018501281738281e+01
1.500021266937255859e+01
1.500021266937255859e+01
1.500023937225341797e+01
1.500023937225341797e+01
1.500023937225341797e+01
1.500023269653320312e+01
1.500023269653320312e+01
1.500022411346435547e+01
1.500021648406982422e+01
1.500021648406982422e+01
1.500020885467529297e+01
1.500020885467529297e+01
1.500020122528076172e+01
1.500016593933105469e+01
1.500016593933105469e+01
1.500012207031250000e+01
1.500007820129394531e+01
1.500007820129394531e+01
1.500003719329833984e+01
1.500003719329833984e+01
1.499998855590820312e+01
1.499998855590820312e+01
1.499994277954101562e+01
1.499987030029296875e+01
1.499987030029296875e+01
1.499978733062744141e+01
1.499978733062744141e+01
1.499971771240234375e+01
1.499964046478271484e+01
1.499964046478271484e+01
1.499956703186035156e+01
1.499948978424072266e+01
1.499948978424072266e+01
1.499942207336425781e+01
1.499942207336425781e+01
1.499931526184082031e+01
1.499921035766601562e+01
1.499921035766601562e+01
1.499909782409667969e+01
1.499898719787597656e+01
1.499898719787597656e+01
1.499888324737548828e+01
1.499888324737548828e+01
1.499877262115478516e+01
1.499866294860839844e+01
1.499866294860839844e+01
1.499856662750244141e+01
1.499856662750244141e+01
1.499845123291015625e+01
1.499831295013427734e+01
1.499831295013427734e+01
1.499820518493652344e+01
1.499820518493652344e+01
1.499805450439453125e+01
1.499792003631591797e+01
1.499792003631591797e+01
1.499780559539794922e+01
1.499780559539794922e+01
1.499767017364501953e+01
1.499753761291503906e+01
1.499753761291503906e+01
1.499739742279052734e+01
1.499725818634033203e+01
1.499725818634033203e+01
1.499713611602783203e+01
1.499713611602783203e+01
1.499698925018310547e+01
1.499686813354492188e+01
1.499686813354492188e+01
1.499673080444335938e+01
1.499660205841064453e+01
1.499660205841064453e+01
1.499646663665771484e+01
1.499646663665771484e+01
1.499633121490478516e+01
1.499620437622070312e+01
1.499620437622070312e+01
1.499605464935302734e+01
1.499605464935302734e+01
1.499593639373779297e+01
1.499581146240234375e+01
1.499581146240234375e+01
1.499567985534667969e+01
1.499554824829101562e+01
1.499554824829101562e+01
1.499542427062988281e+01
1.499542427062988281e+01
1.499530887603759766e+01
1.499517917633056641e+01
1.499517917633056641e+01
1.499504947662353516e+01
1.499504947662353516e+01
1.499491405487060547e+01
1.499478530883789062e+01
1.499478530883789062e+01
1.499468231201171875e+01
1.499468231201171875e+01
1.499457454681396484e+01
1.499444770812988281e+01
1.499444770812988281e+01
1.499434661865234375e+01
1.499426746368408203e+01
1.499426746368408203e+01
1.499417781829833984e+01
1.499417781829833984e+01
1.499408435821533203e+01
1.499399566650390625e+01
1.499399566650390625e+01
1.499391365051269531e+01
1.499391365051269531e+01
1.499382591247558594e+01
1.499373912811279297e+01
1.499373912811279297e+01
1.499365711212158203e+01
1.499365711212158203e+01
1.499357128143310547e+01
1.499348449707031250e+01
1.499348449707031250e+01
1.499343204498291016e+01
1.499343204498291016e+01
1.499338245391845703e+01
1.499333953857421875e+01
1.499333953857421875e+01
1.499328804016113281e+01
1.499324512481689453e+01
1.499324512481689453e+01
1.499320220947265625e+01
1.499315452575683594e+01
1.499315452575683594e+01
1.499311256408691406e+01
1.499306488037109375e+01
1.499306488037109375e+01
1.499304771423339844e+01
1.499304771423339844e+01
1.499303627014160156e+01
1.499302482604980469e+01
1.499302482604980469e+01
1.499301338195800781e+01
1.499301338195800781e+01
1.499300193786621094e+01
1.499299144744873047e+01
1.499299144744873047e+01
1.499297904968261719e+01
1.499297904968261719e+01
1.499296951293945312e+01
1.499295806884765625e+01
1.499295806884765625e+01
1.499297904968261719e+01
1.499297904968261719e+01
1.499300098419189453e+01
1.499302768707275391e+01
1.499302768707275391e+01
1.499305248260498047e+01
1.499305248260498047e+01
1.499307823181152344e+01
1.499310302734375000e+01
1.499310302734375000e+01
1.499312591552734375e+01
1.499312591552734375e+01
1.499315071105957031e+01
1.499317455291748047e+01
1.499317455291748047e+01
1.499319648742675781e+01
1.499325370788574219e+01
1.499325370788574219e+01
1.499331378936767578e+01
1.499331378936767578e+01
1.499337005615234375e+01
1.499342918395996094e+01
1.499342918395996094e+01
1.499348831176757812e+01
1.499348831176757812e+01
1.499355030059814453e+01
1.499360275268554688e+01
1.499360275268554688e+01
1.499366092681884766e+01
1.499366092681884766e+01
1.499372196197509766e+01
1.499378013610839844e+01
1.499378013610839844e+01
1.499383068084716797e+01
1.499383068084716797e+01
1.499391937255859375e+01
1.499401187896728516e+01
1.499401187896728516e+01
1.499406433105468750e+01
1.499414443969726562e+01
1.499414443969726562e+01
1.499423694610595703e+01
1.499423694610595703e+01
1.499432849884033203e+01
1.499441337585449219e+01
1.499441337585449219e+01
1.499450492858886719e+01
1.499450492858886719e+01
1.499459457397460938e+01
1.499459457397460938e+01
1.499472713470458984e+01
1.499472713470458984e+01
1.499481105804443359e+01
1.499489974975585938e+01
1.499489974975585938e+01
1.499499320983886719e+01
1.499499320983886719e+01
1.499508190155029297e+01
1.499516963958740234e+01
1.499516963958740234e+01
1.499525165557861328e+01
1.499525165557861328e+01
1.499533843994140625e+01
1.499542522430419922e+01
1.499542522430419922e+01
1.499550628662109375e+01
1.499559116363525391e+01
1.499559116363525391e+01
1.499567699432373047e+01
1.499567699432373047e+01
1.499576663970947266e+01
1.499585151672363281e+01
1.499585151672363281e+01
1.499592590332031250e+01
1.499592590332031250e+01
1.499601459503173828e+01
1.499608802795410156e+01
1.499608802795410156e+01
1.499617099761962891e+01
1.499624919891357422e+01
1.499624919891357422e+01
1.499634075164794922e+01
1.499634075164794922e+01
1.499641323089599609e+01
1.499649906158447266e+01
1.499649906158447266e+01
1.499655055999755859e+01
1.499655055999755859e+01
1.499662017822265625e+01
1.499670124053955078e+01
1.499670124053955078e+01
1.499675559997558594e+01
1.499675559997558594e+01
1.499682521820068359e+01
1.499687671661376953e+01
1.499687671661376953e+01
1.499692058563232422e+01
1.499692058563232422e+01
1.499696063995361328e+01
1.499700355529785156e+01
1.499700355529785156e+01
1.499704933166503906e+01
1.499704933166503906e+01
1.499709224700927734e+01
1.499713420867919922e+01
1.499713420867919922e+01
1.499717426300048828e+01
1.499717426300048828e+01
1.499721622467041016e+01
1.499725723266601562e+01
1.499725723266601562e+01
1.499730205535888672e+01
1.499730205535888672e+01
1.499734306335449219e+01
1.499738693237304688e+01
1.499738693237304688e+01
1.499742317199707031e+01
1.499742317199707031e+01
1.499746417999267578e+01
1.499747467041015625e+01
1.499747467041015625e+01
1.499747943878173828e+01
1.499747943878173828e+01
1.499748420715332031e+01
