1.724219322204589844e-02
1.036278247833251953e+00
2.050062417984008789e+00
3.064463138580322266e+00
4.092493534088134766e+00
5.113369703292846680e+00
6.131949663162231445e+00
7.148060321807861328e+00
8.184672832489013672e+00
9.199160814285278320e+00
1.021091890335083008e+01
1.124091958999633789e+01
1.225860428810119629e+01
1.328174328804016113e+01
1.429413700103759766e+01
1.530624461174011230e+01
1.631903767585754395e+01
1.737096953392028809e+01
1.838517045974731445e+01
1.939881110191345215e+01
2.042447566986083984e+01
2.143417382240295410e+01
2.245579051971435547e+01
2.348207306861877441e+01
2.449863767623901367e+01
2.551978778839111328e+01
2.654019951820373535e+01
2.757780456542968750e+01
2.862894868850708008e+01
2.969502019882202148e+01
3.071945714950561523e+01
3.172912096977233887e+01
3.275192880630493164e+01
3.377557373046875000e+01
3.478754782676696777e+01
3.580932450294494629e+01
3.683607816696166992e+01
3.787178063392639160e+01
3.891489577293395996e+01
3.994794273376464844e+01
4.101052689552307129e+01
4.204097890853881836e+01
4.305906987190246582e+01
4.407522892951965332e+01
4.509812116622924805e+01
4.610995054244995117e+01
4.712419986724853516e+01
4.814005970954895020e+01
4.915465497970581055e+01
5.016827487945556641e+01
5.119569301605224609e+01
5.221298336982727051e+01
5.325371646881103516e+01
5.427534270286560059e+01
5.530628323554992676e+01
5.632445836067199707e+01
5.734703040122985840e+01
5.840173482894897461e+01
5.942133522033691406e+01
6.043781375885009766e+01
6.145157194137573242e+01
6.246316528320312500e+01
6.350722098350524902e+01
6.455669069290161133e+01
6.557815170288085938e+01
6.663753890991210938e+01
6.767166280746459961e+01
6.870822858810424805e+01
6.973239994049072266e+01
7.075958633422851562e+01
7.179624891281127930e+01
7.282028102874755859e+01
7.385019207000732422e+01
7.488756227493286133e+01
7.591120362281799316e+01
7.693287730216979980e+01
7.796002626419067383e+01
7.897517657279968262e+01
7.999083566665649414e+01
8.101303577423095703e+01
8.203293776512145996e+01
8.305471229553222656e+01
8.407899165153503418e+01
8.509492635726928711e+01
8.610479521751403809e+01
8.712315511703491211e+01
8.815714192390441895e+01
8.922346019744873047e+01
9.025895547866821289e+01
9.127041053771972656e+01
9.229129934310913086e+01
9.330099129676818848e+01
9.432482004165649414e+01
9.534782814979553223e+01
9.636561489105224609e+01
9.738374352455139160e+01
9.839734292030334473e+01
9.941055464744567871e+01
1.004259343147277832e+02
1.014411363601684570e+02
1.024551730155944824e+02
1.034684984683990479e+02
1.044790225028991699e+02
1.055034976005554199e+02
1.065157289505004883e+02
1.075324161052703857e+02
1.085485193729400635e+02
1.095703511238098145e+02
1.105956759452819824e+02
1.116134943962097168e+02
1.126432013511657715e+02
1.136623556613922119e+02
1.146848273277282715e+02
1.157235019207000732e+02
1.167382483482360840e+02
1.177550921440124512e+02
1.187969369888305664e+02
1.198099758625030518e+02
1.208526115417480469e+02
1.218895370960235596e+02
1.229030237197875977e+02
1.239203848838806152e+02
1.249382417201995850e+02
1.259844305515289307e+02
1.269994034767150879e+02
1.280250437259674072e+02
1.290467638969421387e+02
1.300782096385955811e+02
1.311017959117889404e+02
1.321242923736572266e+02
1.331362733840942383e+02
1.341616508960723877e+02
1.351959216594696045e+02
1.362177727222442627e+02
1.372342040538787842e+02
1.382463428974151611e+02
1.392646656036376953e+02
1.402992899417877197e+02
1.413339989185333252e+02
1.423573255538940430e+02
1.433820471763610840e+02
1.444011881351470947e+02
1.454537599086761475e+02
1.464741322994232178e+02
1.475475733280181885e+02
1.485859253406524658e+02
1.496369867324829102e+02
1.506543936729431152e+02
1.516837463378906250e+02
1.526985733509063721e+02
1.537245972156524658e+02
1.547372004985809326e+02
1.557632765769958496e+02
1.568123478889465332e+02
1.578403854370117188e+02
1.588623185157775879e+02
1.598982884883880615e+02
1.609486672878265381e+02
1.619752957820892334e+02
1.629915816783905029e+02
1.640027225017547607e+02
1.650438408851623535e+02
1.660612246990203857e+02
1.671035282611846924e+02
1.681166954040527344e+02
1.691389656066894531e+02
1.701611354351043701e+02
1.711746692657470703e+02
1.722252895832061768e+02
1.732560417652130127e+02
1.742926797866821289e+02
1.753120238780975342e+02
1.763280742168426514e+02
1.773430407047271729e+02
1.783817322254180908e+02
1.794191508293151855e+02
1.804493153095245361e+02
1.814636452198028564e+02
1.824895327091217041e+02
1.835192573070526123e+02
1.845428872108459473e+02
1.855935993194580078e+02
1.866183567047119141e+02
1.876466236114501953e+02
1.886598482131958008e+02
1.896794283390045166e+02
1.907203850746154785e+02
1.917375235557556152e+02
1.927651052474975586e+02
1.937798271179199219e+02
1.947971489429473877e+02
1.958172297477722168e+02
1.971047959327697754e+02
1.981297612190246582e+02
1.991525869369506836e+02
2.001892914772033691e+02
2.012153425216674805e+02
2.022512011528015137e+02
2.032637383937835693e+02
2.042865004539489746e+02
2.053021645545959473e+02
2.063340554237365723e+02
2.073586676120758057e+02
2.084074523448944092e+02
2.094845290184020996e+02
2.105041422843933105e+02
2.115556943416595459e+02
2.125951402187347412e+02
2.136115853786468506e+02
2.146471993923187256e+02
2.156720623970031738e+02
2.167017600536346436e+02
2.177364575862884521e+02
2.187490739822387695e+02
2.197650313377380371e+02
2.208234288692474365e+02
2.218511650562286377e+02
2.228894891738891602e+02
2.239079303741455078e+02
2.249451916217803955e+02
2.259946534633636475e+02
2.270087640285491943e+02
2.280393116474151611e+02
2.290516049861907959e+02
2.301080079078674316e+02
2.311425321102142334e+02
2.321635169982910156e+02
2.331809322834014893e+02
2.342016055583953857e+02
2.352209367752075195e+02
2.362397608757019043e+02
2.372590746879577637e+02
2.382710101604461670e+02
2.393010506629943848e+02
2.403199567794799805e+02
2.413393836021423340e+02
2.423523375988006592e+02
2.433651742935180664e+02
2.443936123847961426e+02
2.454342665672302246e+02
2.464584553241729736e+02
2.474790735244750977e+02
2.484985153675079346e+02
2.495110530853271484e+02
2.505282309055328369e+02
2.515463705062866211e+02
2.525881583690643311e+02
2.536000881195068359e+02
2.546122076511383057e+02
2.556454246044158936e+02
2.566595983505249023e+02
2.576752622127532959e+02
2.586928200721740723e+02
2.597069911956787109e+02
2.607276165485382080e+02
2.617576017379760742e+02
2.627718422412872314e+02
2.638021049499511719e+02
2.648406310081481934e+02
2.658573498725891113e+02
2.668735899925231934e+02
2.679116833209991455e+02
2.689664688110351562e+02
2.700105226039886475e+02
2.710281593799591064e+02
2.720652410984039307e+02
2.730850627422332764e+02
2.740999088287353516e+02
2.751163179874420166e+02
2.761333374977111816e+02
2.771692321300506592e+02
2.781844458580017090e+02
2.792272560596466064e+02
2.802429554462432861e+02
2.812584655284881592e+02
2.823353452682495117e+02
2.833988301753997803e+02
2.844156575202941895e+02
2.854396822452545166e+02
2.864639537334442139e+02
2.874944355487823486e+02
2.885270082950592041e+02
2.895486586093902588e+02
2.905729238986968994e+02
2.915851147174835205e+02
2.925993409156799316e+02
2.936113827228546143e+02
2.946272428035736084e+02
2.956543741226196289e+02
2.966773586273193359e+02
2.977002515792846680e+02
2.987255957126617432e+02
2.997549307346343994e+02
3.007788889408111572e+02
3.017927474975585938e+02
3.028022181987762451e+02
3.038218035697937012e+02
3.048340766429901123e+02
3.058587632179260254e+02
3.068733985424041748e+02
3.079023113250732422e+02
3.089191520214080811e+02
3.099415781497955322e+02
3.109583592414855957e+02
3.119706873893737793e+02
3.129883489608764648e+02
3.139991366863250732e+02
3.150214955806732178e+02
3.160526797771453857e+02
3.170698716640472412e+02
3.181050856113433838e+02
3.191325662136077881e+02
3.201502287387847900e+02
3.211722929477691650e+02
3.221958930492401123e+02
3.232272469997406006e+02
3.242546982765197754e+02
3.253090820312500000e+02
3.263218672275543213e+02
3.273728175163269043e+02
3.284426016807556152e+02
3.294837443828582764e+02
3.305379376411437988e+02
3.315544209480285645e+02
3.325820367336273193e+02
3.336349749565124512e+02
3.346538326740264893e+02
3.356925406455993652e+02
3.367115066051483154e+02
3.377270328998565674e+02
3.387421302795410156e+02
3.397541294097900391e+02
3.407976207733154297e+02
3.418098177909851074e+02
3.428206038475036621e+02
3.438482460975646973e+02
3.448608620166778564e+02
3.458937571048736572e+02
3.469165532588958740e+02
3.479617521762847900e+02
3.489938855171203613e+02
3.500083513259887695e+02
3.510278105735778809e+02
3.520558652877807617e+02
3.530719528198242188e+02
3.540852620601654053e+02
3.551010670661926270e+02
3.561267993450164795e+02
3.571503753662109375e+02
3.581856107711791992e+02
3.592108533382415771e+02
3.602303233146667480e+02
3.612741823196411133e+02
3.622902567386627197e+02
3.633114867210388184e+02
3.643358747959136963e+02
3.653491601943969727e+02
3.663885490894317627e+02
3.674031286239624023e+02
3.684340050220489502e+02
3.694635839462280273e+02
3.704774551391601562e+02
3.714956767559051514e+02
3.725107328891754150e+02
3.735300807952880859e+02
3.745637054443359375e+02
3.755874443054199219e+02
3.766160340309143066e+02
3.776290559768676758e+02
3.786482017040252686e+02
3.796775050163269043e+02
3.806909763813018799e+02
3.817097542285919189e+02
3.827230267524719238e+02
3.837452824115753174e+02
3.847601065635681152e+02
3.857788927555084229e+02
3.867989563941955566e+02
3.878222739696502686e+02
3.888482103347778320e+02
3.898823289871215820e+02
3.909024715423583984e+02
3.919140102863311768e+02
3.929367127418518066e+02
3.939597685337066650e+02
3.949741749763488770e+02
3.959989945888519287e+02
3.970132853984832764e+02
3.980382151603698730e+02
3.990659635066986084e+02
4.000796871185302734e+02
4.010997378826141357e+02
4.021446311473846436e+02
4.031574163436889648e+02
4.041774306297302246e+02
4.051934154033660889e+02
4.062149698734283447e+02
4.072422032356262207e+02
4.082590661048889160e+02
4.092754182815551758e+02
4.103042814731597900e+02
4.113250663280487061e+02
4.123440077304840088e+02
4.133574354648590088e+02
4.143796555995941162e+02
4.154000964164733887e+02
4.164293491840362549e+02
4.174967617988586426e+02
4.185097963809967041e+02
4.195553147792816162e+02
4.205759692192077637e+02
4.215896847248077393e+02
4.226009316444396973e+02
4.236156780719757080e+02
4.246415848731994629e+02
4.256535782814025879e+02
4.266668713092803955e+02
4.276910028457641602e+02
4.287189323902130127e+02
4.297613594532012939e+02
4.307731592655181885e+02
4.317919237613677979e+02
4.328047761917114258e+02
4.338182885646820068e+02
4.348355534076690674e+02
4.358488984107971191e+02
4.368595218658447266e+02
4.378768191337585449e+02
4.389216942787170410e+02
4.399463653564453125e+02
4.409684753417968750e+02
4.420088584423065186e+02
4.430266661643981934e+02
4.440525522232055664e+02
4.450777392387390137e+02
4.461439881324768066e+02
4.471784489154815674e+02
4.482579400539398193e+02
4.492999055385589600e+02
4.503151218891143799e+02
4.513574259281158447e+02
4.523906068801879883e+02
4.534112997055053711e+02
4.544398577213287354e+02
4.554717762470245361e+02
4.565120987892150879e+02
4.575297994613647461e+02
4.585441908836364746e+02
4.595814983844757080e+02
4.606003289222717285e+02
4.616365363597869873e+02
4.626648061275482178e+02
4.636774404048919678e+02
4.646957724094390869e+02
4.657137629985809326e+02
4.667382760047912598e+02
4.677583880424499512e+02
4.687771065235137939e+02
4.697910795211791992e+02
4.708170752525329590e+02
4.718738451004028320e+02
4.728861625194549561e+02
4.739058890342712402e+02
4.749353940486907959e+02
4.759546117782592773e+02
4.769903559684753418e+02
4.780138750076293945e+02
4.790340182781219482e+02
4.800583450794219971e+02
4.810712058544158936e+02
4.821061632633209229e+02
4.831183316707611084e+02
4.841484758853912354e+02
4.851613521575927734e+02
4.861728894710540771e+02
4.872048294544219971e+02
4.882172665596008301e+02
4.892311613559722900e+02
4.902493550777435303e+02
4.912695083618164062e+02
4.922842895984649658e+02
4.933258044719696045e+02
4.943446586132049561e+02
4.953591129779815674e+02
4.963756906986236572e+02
4.974119186401367188e+02
4.984342463016510010e+02
4.994581129550933838e+02
5.004784002304077148e+02
5.014900329113006592e+02
5.025068073272705078e+02
5.035448291301727295e+02
5.045616912841796875e+02
5.055738425254821777e+02
5.066070306301116943e+02
5.076532602310180664e+02
5.087272467613220215e+02
5.097724428176879883e+02
5.107950966358184814e+02
5.118231801986694336e+02
5.128660769462585449e+02
5.138870525360107422e+02
5.148988204002380371e+02
5.159277281761169434e+02
5.169397702217102051e+02
5.179646556377410889e+02
5.189877800941467285e+02
5.200163052082061768e+02
5.210340697765350342e+02
5.220475790500640869e+02
5.230752003192901611e+02
5.240900447368621826e+02
5.251087353229522705e+02
5.261425306797027588e+02
5.271573064327239990e+02
5.281732025146484375e+02
5.291930897235870361e+02
5.302053599357604980e+02
5.312397327423095703e+02
5.322523193359375000e+02
5.332746946811676025e+02
5.343294935226440430e+02
5.353398849964141846e+02
5.363584458827972412e+02
5.373914651870727539e+02
5.384185853004455566e+02
5.394567456245422363e+02
5.404721896648406982e+02
5.414822947978973389e+02
5.424981648921966553e+02
5.435162022113800049e+02
5.445296654701232910e+02
5.455587308406829834e+02
5.465775101184844971e+02
5.475968942642211914e+02
5.486458718776702881e+02
5.496596984863281250e+02
5.506732547283172607e+02
5.517123062610626221e+02
5.527246806621551514e+02
5.537578985691070557e+02
5.547703526020050049e+02
5.557964317798614502e+02
5.568110766410827637e+02
5.578323175907135010e+02
5.588514988422393799e+02
5.598954181671142578e+02
5.609231269359588623e+02
5.619591114521026611e+02
5.629727666378021240e+02
5.639911799430847168e+02
5.650098686218261719e+02
5.660351946353912354e+02
5.670659863948822021e+02
5.680805032253265381e+02
5.691164577007293701e+02
5.701522877216339111e+02
5.711722843647003174e+02
5.721944293975830078e+02
5.732068693637847900e+02
5.742258381843566895e+02
5.752485666275024414e+02
5.762737534046173096e+02
5.772895767688751221e+02
5.783049125671386719e+02
5.793354997634887695e+02
5.804074800014495850e+02
5.814282886981964111e+02
5.824464099407196045e+02
5.834620835781097412e+02
5.844745206832885742e+02
5.854983770847320557e+02
5.865179235935211182e+02
5.875473446846008301e+02
5.886167521476745605e+02
5.896566169261932373e+02
5.906757693290710449e+02
5.916907961368560791e+02
5.927187595367431641e+02
5.937558591365814209e+02
5.947728977203369141e+02
5.957845909595489502e+02
5.967978122234344482e+02
5.978176739215850830e+02
5.988591687679290771e+02
5.998902175426483154e+02
6.009045882225036621e+02
6.019250094890594482e+02
6.029392681121826172e+02
6.039501516819000244e+02
6.049719591140747070e+02
6.059863121509552002e+02
6.070024349689483643e+02
6.080209755897521973e+02
6.090514774322509766e+02
6.101077153682708740e+02
6.111286919116973877e+02
6.121406409740447998e+02
6.131617236137390137e+02
6.141850905418395996e+02
6.152102894783020020e+02
6.162344660758972168e+02
6.172520263195037842e+02
6.182718389034271240e+02
6.192874133586883545e+02
6.202993965148925781e+02
6.213314173221588135e+02
6.223508770465850830e+02
6.233673188686370850e+02
6.243829009532928467e+02
6.253970587253570557e+02
6.264164333343505859e+02
6.274622588157653809e+02
6.285219287872314453e+02
6.295696773529052734e+02
6.305931296348571777e+02
6.316226024627685547e+02
6.326415481567382812e+02
6.336785974502563477e+02
6.347077772617340088e+02
6.357424385547637939e+02
6.367525436878204346e+02
6.377672281265258789e+02
6.387914922237396240e+02
6.398175842761993408e+02
6.408298616409301758e+02
6.418437592983245850e+02
6.428784554004669189e+02
6.438997733592987061e+02
6.449176716804504395e+02
6.459470961093902588e+02
6.469591670036315918e+02
6.479770715236663818e+02
6.490097818374633789e+02
6.500284347534179688e+02
6.510493230819702148e+02
6.520619220733642578e+02
6.530994200706481934e+02
6.541160123348236084e+02
6.551313948631286621e+02
6.561676156520843506e+02
6.571896336078643799e+02
6.582060825824737549e+02
6.592200441360473633e+02
6.602530379295349121e+02
6.612654993534088135e+02
6.622767720222473145e+02
6.632880623340606689e+02
6.643079152107238770e+02
6.653485500812530518e+02
6.663683261871337891e+02
6.673834819793701172e+02
6.684185693264007568e+02
6.694289963245391846e+02
6.704393897056579590e+02
6.714595987796783447e+02
6.724792125225067139e+02
6.734965624809265137e+02
6.745079529285430908e+02
6.755422277450561523e+02
6.765710844993591309e+02
6.775865702629089355e+02
6.786221840381622314e+02
6.796337733268737793e+02
6.806499409675598145e+02
6.816746356487274170e+02
6.827020084857940674e+02
6.837269353866577148e+02
6.847391023635864258e+02
6.857560789585113525e+02
6.867857275009155273e+02
6.877988662719726562e+02
6.888462433815002441e+02
6.898764252662658691e+02
6.908963322639465332e+02
6.919152877330780029e+02
6.929258952140808105e+02
6.939458689689636230e+02
6.949724757671356201e+02
6.959835736751556396e+02
6.970442221164703369e+02
6.980616309642791748e+02
6.990814199447631836e+02
7.000991511344909668e+02
7.011320397853851318e+02
7.021506268978118896e+02
7.031682977676391602e+02
7.041935548782348633e+02
7.052085750102996826e+02
7.062282421588897705e+02
7.072670617103576660e+02
7.082901992797851562e+02
7.093208899497985840e+02
7.103498442173004150e+02
7.113859086036682129e+02
7.124270522594451904e+02
7.134451425075531006e+02
7.144797179698944092e+02
7.155038743019104004e+02
7.165433356761932373e+02
7.175687086582183838e+02
7.186192693710327148e+02
7.196328995227813721e+02
7.206633248329162598e+02
7.217295646667480469e+02
7.227553482055664062e+02
7.237763266563415527e+02
7.247882921695709229e+02
7.258075969219207764e+02
7.268360767364501953e+02
7.278628513813018799e+02
7.289014918804168701e+02
7.299233314990997314e+02
7.309428324699401855e+02
7.319538958072662354e+02
7.329645924568176270e+02
7.339913613796234131e+02
7.350406002998352051e+02
7.360586102008819580e+02
7.370791342258453369e+02
7.380916652679443359e+02
7.391107704639434814e+02
7.401269769668579102e+02
7.411549565792083740e+02
7.421980400085449219e+02
7.432250471115112305e+02
7.442438738346099854e+02
7.452793703079223633e+02
7.463036506175994873e+02
7.473536338806152344e+02
7.483996706008911133e+02
7.494338335990905762e+02
7.504544229507446289e+02
7.514860274791717529e+02
7.525194823741912842e+02
7.535511059761047363e+02
7.545810847282409668e+02
7.555950610637664795e+02
7.566347620487213135e+02
7.576608099937438965e+02
7.586735446453094482e+02
7.596916944980621338e+02
7.607039577960968018e+02
7.617213318347930908e+02
7.627365710735321045e+02
7.637490801811218262e+02
7.647849984169006348e+02
7.658024036884307861e+02
7.668202915191650391e+02
7.678341326713562012e+02
7.688564517498016357e+02
7.698771524429321289e+02
7.708906245231628418e+02
7.719228107929229736e+02
7.729737622737884521e+02
7.739924485683441162e+02
7.750360527038574219e+02
7.760555839538574219e+02
7.770766770839691162e+02
7.781034803390502930e+02
7.791146452426910400e+02
7.801325812339782715e+02
7.811473429203033447e+02
7.821669678688049316e+02
7.831807665824890137e+02
7.842071549892425537e+02
7.852544193267822266e+02
7.862720386981964111e+02
7.872948582172393799e+02
7.883332633972167969e+02
7.893567292690277100e+02
7.903795542716979980e+02
7.913968131542205811e+02
7.924102671146392822e+02
7.934243862628936768e+02
7.944572713375091553e+02
7.954861440658569336e+02
7.965118565559387207e+02
7.975217342376708984e+02
7.985365500450134277e+02
7.995597672462463379e+02
8.005762376785278320e+02
8.015881805419921875e+02
8.026098237037658691e+02
8.036290197372436523e+02
8.046538138389587402e+02
8.056744210720062256e+02
8.067058608531951904e+02
8.077381422519683838e+02
8.087632675170898438e+02
8.097882869243621826e+02
8.108307223320007324e+02
8.118752501010894775e+02
8.128947675228118896e+02
8.139153213500976562e+02
8.149272608757019043e+02
8.159454729557037354e+02
8.169561612606048584e+02
8.179731214046478271e+02
8.189950535297393799e+02
8.200092134475708008e+02
8.210339267253875732e+02
8.220492787361145020e+02
8.230649898052215576e+02
8.240820443630218506e+02
8.251064140796661377e+02
8.261173563003540039e+02
8.271426942348480225e+02
8.281638484001159668e+02
8.291816799640655518e+02
8.302098820209503174e+02
8.312351319789886475e+02
8.322833850383758545e+02
8.333565487861633301e+02
8.343734958171844482e+02
8.353829076290130615e+02
8.363997943401336670e+02
8.374439063072204590e+02
8.384649951457977295e+02
8.394822590351104736e+02
8.404943411350250244e+02
8.415164816379547119e+02
8.425384633541107178e+02
8.435752649307250977e+02
8.446008629798889160e+02
8.456268343925476074e+02
8.466525776386260986e+02
8.476891984939575195e+02
8.487048459053039551e+02
8.497314803600311279e+02
8.507552685737609863e+02
8.517876470088958740e+02
8.528050160408020020e+02
8.538276586532592773e+02
8.548690254688262939e+02
8.558895249366760254e+02
8.569065907001495361e+02
8.579558453559875488e+02
8.589734864234924316e+02
8.600076925754547119e+02
8.610301411151885986e+02
8.620537784099578857e+02
8.630948007106781006e+02
8.641141986846923828e+02
8.651571195125579834e+02
8.661793720722198486e+02
8.681310446262359619e+02
8.691534061431884766e+02
8.702009072303771973e+02
8.712330517768859863e+02
8.722697281837463379e+02
8.733054602146148682e+02
8.743205599784851074e+02
8.753424277305603027e+02
8.763881225585937500e+02
8.774100475311279297e+02
8.784242920875549316e+02
8.794415893554687500e+02
8.804684777259826660e+02
8.815129005908966064e+02
8.825249874591827393e+02
8.835384654998779297e+02
8.845492053031921387e+02
8.855637683868408203e+02
8.866076261997222900e+02
8.876268882751464844e+02
8.886437292098999023e+02
8.896645126342773438e+02
8.906828613281250000e+02
8.917119152545928955e+02
8.927286312580108643e+02
8.937449724674224854e+02
8.947640905380249023e+02
8.957749941349029541e+02
8.968012461662292480e+02
8.978131382465362549e+02
8.988289823532104492e+02
8.998396241664886475e+02
9.008581066131591797e+02
9.018827612400054932e+02
9.028956885337829590e+02
9.039126157760620117e+02
9.049323506355285645e+02
9.059512979984283447e+02
9.069670860767364502e+02
9.079827208518981934e+02
9.089987545013427734e+02
9.100127286911010742e+02
9.110304074287414551e+02
9.120612475872039795e+02
9.130736532211303711e+02
9.140994846820831299e+02
9.151140348911285400e+02
9.161347570419311523e+02
9.171746942996978760e+02
9.182280783653259277e+02
9.192436132431030273e+02
9.202558581829071045e+02
9.212943360805511475e+02
9.223256440162658691e+02
9.233439199924468994e+02
9.243670182228088379e+02
9.253872785568237305e+02
9.264094569683074951e+02
9.274584698677062988e+02
9.285169939994812012e+02
9.295748293399810791e+02
9.306013915538787842e+02
9.316237528324127197e+02
9.326702768802642822e+02
9.336897583007812500e+02
9.347087182998657227e+02
9.357307751178741455e+02
9.367535958290100098e+02
9.377921369075775146e+02
9.388072149753570557e+02
9.398236594200134277e+02
9.408494527339935303e+02
9.418713920116424561e+02
9.428945705890655518e+02
9.439136006832122803e+02
9.449317212104797363e+02
9.459646065235137939e+02
9.469888215065002441e+02
9.480119922161102295e+02
9.490226294994354248e+02
9.500440311431884766e+02
9.510610866546630859e+02
9.520849356651306152e+02
9.531113901138305664e+02
9.541225209236145020e+02
9.551360297203063965e+02
9.561532709598541260e+02
9.571653020381927490e+02
9.581882824897766113e+02
9.592283971309661865e+02
9.602468693256378174e+02
9.612693402767181396e+02
9.622839357852935791e+02
9.633150095939636230e+02
9.643274974822998047e+02
9.653448932170867920e+02
9.663838720321655273e+02
9.674038434028625488e+02
9.684216694831848145e+02
9.694461588859558105e+02
9.704641599655151367e+02
9.714918661117553711e+02
9.725279555320739746e+02
9.735776038169860840e+02
9.745909025669097900e+02
9.756028115749359131e+02
9.766136524677276611e+02
9.776252496242523193e+02
9.786396870613098145e+02
9.796593141555786133e+02
9.806759541034698486e+02
9.817270679473876953e+02
9.827461934089660645e+02
9.837924566268920898e+02
9.848155407905578613e+02
9.858388946056365967e+02
9.868824911117553711e+02
9.878966376781463623e+02
9.889108357429504395e+02
9.899508647918701172e+02
9.909857907295227051e+02
9.920084278583526611e+02
9.930258834362030029e+02
9.940430061817169189e+02
9.950558061599731445e+02
9.960664515495300293e+02
9.970823998451232910e+02
9.981165602207183838e+02
9.991355321407318115e+02
1.000152923107147217e+03
1.001165458679199219e+03
1.002196804046630859e+03
1.003226357221603394e+03
1.004246034145355225e+03
1.005275496959686279e+03
1.006289750576019287e+03
1.007311922788619995e+03
1.008349285840988159e+03
1.009384251356124878e+03
1.010408200979232788e+03
1.011422454833984375e+03
1.012443931579589844e+03
1.013467339754104614e+03
1.014478247642517090e+03
1.015492937088012695e+03
1.016523856878280640e+03
1.017548568248748779e+03
1.018562084674835205e+03
1.019578210353851318e+03
1.020596638202667236e+03
1.021607188701629639e+03
1.022643738985061646e+03
1.023670135736465454e+03
1.024693802833557129e+03
1.025713465452194214e+03
1.026769014596939087e+03
1.027778941869735718e+03
1.028796520709991455e+03
1.029831596851348877e+03
1.030844247579574585e+03
1.031860888481140137e+03
1.032904557943344116e+03
1.033926210880279541e+03
1.034949747323989868e+03
1.035987489223480225e+03
1.037050692558288574e+03
1.038068430662155151e+03
1.039101790904998779e+03
1.040113898754119873e+03
1.041128104686737061e+03
1.042165916919708252e+03
1.043235875844955444e+03
1.044246401071548462e+03
1.045264975070953369e+03
1.046288919210433960e+03
1.047317974090576172e+03
1.048352351903915405e+03
1.049398933887481689e+03
1.050421848058700562e+03
1.051445187568664551e+03
1.052467801570892334e+03
1.053481406688690186e+03
1.054502354383468628e+03
1.055535207509994507e+03
1.056546186923980713e+03
1.057563874483108521e+03
1.058586248874664307e+03
1.059609659671783447e+03
1.060629780769348145e+03
1.061642725229263306e+03
1.062673000812530518e+03
1.063696879863739014e+03
1.064708324432373047e+03
1.065722646474838257e+03
1.066743777751922607e+03
1.067777006864547729e+03
1.068796517610549927e+03
1.069819681644439697e+03
1.070835602760314941e+03
1.071851995706558228e+03
1.072879772424697876e+03
1.073893703937530518e+03
1.074910510301589966e+03
1.075922604084014893e+03
1.076935661077499390e+03
1.077999415874481201e+03
1.079020010709762573e+03
1.080043327808380127e+03
1.081074326515197754e+03
1.082096117734909058e+03
1.083144886255264282e+03
1.084164696216583252e+03
1.085190790176391602e+03
1.086237579584121704e+03
1.087261201620101929e+03
1.088271478652954102e+03
1.089283534049987793e+03
1.090306629419326782e+03
1.091337692737579346e+03
1.092351061582565308e+03
1.093369379520416260e+03
1.094393426656723022e+03
1.095405867099761963e+03
1.096425130367279053e+03
1.097456391096115112e+03
1.098468982934951782e+03
1.099488245487213135e+03
1.100503700971603394e+03
1.101524246454238892e+03
1.102551038980484009e+03
1.103565340995788574e+03
1.104594095945358276e+03
1.105615958213806152e+03
1.106636622428894043e+03
1.107664777517318726e+03
1.108703253984451294e+03
1.109731977224349976e+03
1.110748189926147461e+03
1.111781717061996460e+03
1.112795918941497803e+03
1.113809466600418091e+03
1.114839974164962769e+03
1.115853047609329224e+03
1.116874127626419067e+03
1.117893065929412842e+03
1.118914694070816040e+03
1.119942540884017944e+03
1.120958297014236450e+03
1.121980861186981201e+03
1.123016015052795410e+03
1.124045956373214722e+03
1.125083432197570801e+03
1.126097190856933594e+03
1.127132128477096558e+03
1.128158525466918945e+03
1.129177356719970703e+03
1.130197188854217529e+03
1.131210445165634155e+03
1.132226187229156494e+03
1.133240319728851318e+03
1.134269017934799194e+03
1.135307087659835815e+03
1.136328255653381348e+03
1.137345251798629761e+03
1.138375841379165649e+03
1.139396426200866699e+03
1.140416137933731079e+03
1.141430519104003906e+03
1.142452245712280273e+03
1.143473610401153564e+03
1.144484913587570190e+03
1.145506143808364868e+03
1.146519991397857666e+03
1.147543911218643188e+03
1.148576727628707886e+03
1.149591992616653442e+03
1.150619323968887329e+03
1.151631304979324341e+03
1.152653487443923950e+03
1.153690851449966431e+03
1.154711530685424805e+03
1.155740285158157349e+03
1.156761905193328857e+03
1.157788193464279175e+03
1.158804925918579102e+03
1.159827354431152344e+03
1.160856322050094604e+03
1.161877843379974365e+03
1.162889476060867310e+03
1.163908797025680542e+03
1.164928325891494751e+03
1.165944343805313110e+03
1.166994820356369019e+03
1.168032810688018799e+03
1.169088591814041138e+03
1.170173959255218506e+03
1.171212442636489868e+03
1.172266242265701294e+03
1.173293366193771362e+03
1.174309303283691406e+03
1.175319553375244141e+03
1.176336506605148315e+03
1.177349643945693970e+03
1.178368888616561890e+03
1.179432412862777710e+03
1.180441651821136475e+03
1.181464484214782715e+03
1.182477876186370850e+03
1.183499227762222290e+03
1.184525471210479736e+03
1.185540827035903931e+03
1.186577701330184937e+03
1.187589406967163086e+03
1.188627788782119751e+03
1.189640406370162964e+03
1.190658078432083130e+03
1.191691518783569336e+03
1.192702988624572754e+03
1.193712664842605591e+03
1.194722661495208740e+03
1.195742216348648071e+03
1.196768887281417847e+03
1.197788632631301880e+03
1.198818942308425903e+03
1.199840464830398560e+03
1.200864187717437744e+03
1.201898633480072021e+03
1.202922210216522217e+03
1.203944146156311035e+03
1.204956966876983643e+03
1.205968565464019775e+03
1.206984981298446655e+03
1.208003722906112671e+03
1.209021654844284058e+03
1.210039336204528809e+03
1.211049979925155640e+03
1.212085219621658325e+03
1.213097220420837402e+03
1.214119617700576782e+03
1.215133484601974487e+03
1.216152325868606567e+03
1.217183650493621826e+03
1.218235636234283447e+03
1.219256312608718872e+03
1.220270263910293579e+03
1.221292062997817993e+03
1.222304540395736694e+03
1.223344622135162354e+03
1.224366809844970703e+03
1.225403479814529419e+03
1.226452485084533691e+03
1.227517534494400024e+03
1.228571583271026611e+03
1.229617091655731201e+03
1.230642202377319336e+03
1.231652567386627197e+03
1.232678968191146851e+03
1.233710131406784058e+03
1.234727039337158203e+03
1.235744254827499390e+03
1.236767486333847046e+03
1.237788451433181763e+03
1.238800925493240356e+03
1.239812275648117065e+03
1.240825370311737061e+03
1.241871269941329956e+03
1.242888349294662476e+03
1.243905693769454956e+03
1.244920001983642578e+03
1.245937456846237183e+03
1.246950915098190308e+03
1.247985201358795166e+03
1.249012947797775269e+03
1.250032006978988647e+03
1.251046240806579590e+03
1.252065036058425903e+03
1.253075197696685791e+03
1.254084555387496948e+03
1.255110032796859741e+03
1.256130962133407593e+03
1.257152563810348511e+03
1.258166692972183228e+03
1.259197764158248901e+03
1.260217768430709839e+03
1.261247662782669067e+03
1.262268903017044067e+03
1.263305498123168945e+03
1.264328860998153687e+03
1.265349677324295044e+03
1.266364557743072510e+03
1.267412316083908081e+03
1.268486625194549561e+03
1.269511030435562134e+03
1.270544543504714966e+03
1.271556832313537598e+03
1.272578038692474365e+03
1.273594479322433472e+03
1.274620096206665039e+03
1.275647534132003784e+03
1.276669776678085327e+03
1.277681266546249390e+03
1.278701812744140625e+03
1.279716076612472534e+03
1.280738419771194458e+03
1.281750540018081665e+03
1.282779405355453491e+03
1.283798379421234131e+03
1.284809517383575439e+03
1.285828854560852051e+03
1.286848754405975342e+03
1.287876929759979248e+03
1.288940265178680420e+03
1.289957321166992188e+03
1.290969855070114136e+03
1.291981183052062988e+03
1.293001924276351929e+03
1.294035243988037109e+03
1.295046782970428467e+03
1.296060007572174072e+03
1.297086265087127686e+03
1.298107489585876465e+03
1.299135227680206299e+03
1.300150915145874023e+03
1.301161864280700684e+03
1.302177223920822144e+03
1.303190608739852905e+03
1.304219413757324219e+03
1.305246164321899414e+03
1.306265310049057007e+03
1.307285248041152954e+03
1.308307637929916382e+03
1.309343849182128906e+03
1.310368319034576416e+03
1.311389343738555908e+03
1.312418275594711304e+03
1.313432828426361084e+03
1.314448041439056396e+03
1.315463350534439087e+03
1.316475552082061768e+03
1.317489314794540405e+03
1.318501411676406860e+03
1.319512104988098145e+03
1.320537392854690552e+03
1.321555538892745972e+03
1.322567236661911011e+03
1.323580726385116577e+03
1.324601936817169189e+03
1.325648470640182495e+03
1.326672520399093628e+03
1.327692161321640015e+03
1.328720993518829346e+03
1.329732869625091553e+03
1.330749108791351318e+03
1.331765672445297241e+03
1.332784982681274414e+03
1.333814617395401001e+03
1.334828671455383301e+03
1.335849419593811035e+03
1.336872328758239746e+03
1.337889599323272705e+03
1.338931747913360596e+03
1.339947715997695923e+03
1.340963058233261108e+03
1.341983024835586548e+03
1.342994923830032349e+03
1.344005190610885620e+03
1.345030418634414673e+03
1.346054514169692993e+03
1.347071610212326050e+03
1.348086405992507935e+03
1.349101229429244995e+03
1.350118593454360962e+03
1.351128207445144653e+03
1.352145691156387329e+03
1.353157574653625488e+03
1.354167028903961182e+03
1.355182612657546997e+03
1.356195072412490845e+03
1.357209494352340698e+03
1.358225703954696655e+03
1.359237507581710815e+03
1.360265481948852539e+03
1.361282884597778320e+03
1.362302057981491089e+03
1.363331607580184937e+03
1.364340057611465454e+03
1.365359197378158569e+03
1.366378144979476929e+03
1.367391977071762085e+03
1.368424499511718750e+03
1.369438318490982056e+03
1.370447964668273926e+03
1.371470075845718384e+03
1.372481975793838501e+03
1.373492156267166138e+03
1.374524145364761353e+03
1.375544159412384033e+03
1.376580779075622559e+03
1.377594840764999390e+03
1.378605229139328003e+03
1.379645514488220215e+03
1.380657427549362183e+03
1.381671740531921387e+03
1.382686432123184204e+03
1.383704637050628662e+03
1.384722556591033936e+03
1.385734616756439209e+03
1.386746033668518066e+03
1.387777648687362671e+03
1.388786844968795776e+03
1.389798997402191162e+03
1.390808028459548950e+03
1.391822192192077637e+03
1.392836994171142578e+03
1.393849464893341064e+03
1.394879963636398315e+03
1.395895472764968872e+03
1.396920223712921143e+03
1.397936299324035645e+03
1.398948010444641113e+03
1.399958319902420044e+03
1.400968496084213257e+03
1.401985245466232300e+03
1.403034003019332886e+03
1.404052714347839355e+03
1.405067938089370728e+03
1.406082834720611572e+03
1.407112141370773315e+03
1.408154897689819336e+03
1.409220573663711548e+03
1.410238089084625244e+03
1.411259793996810913e+03
1.412270367860794067e+03
1.413286262512207031e+03
1.414306041002273560e+03
1.415321200609207153e+03
1.416338050603866577e+03
1.417367777824401855e+03
1.418387659072875977e+03
1.419417177200317383e+03
1.420435683012008667e+03
1.421447595357894897e+03
1.422466651916503906e+03
1.423478221178054810e+03
1.424500905275344849e+03
1.425515490293502808e+03
1.426533759355545044e+03
1.427560127973556519e+03
1.428591224431991577e+03
1.429648901462554932e+03
1.430703166961669922e+03
1.431726288080215454e+03
1.432742912530899048e+03
1.433752460956573486e+03
1.434769406318664551e+03
1.435800592184066772e+03
1.436810834407806396e+03
1.437825282335281372e+03
1.438837080478668213e+03
1.439850328922271729e+03
1.440868521213531494e+03
1.441901480674743652e+03
1.442910889148712158e+03
1.443920508146286011e+03
1.444929396152496338e+03
1.445943496942520142e+03
1.446955162525177002e+03
1.447974428415298462e+03
1.448991671562194824e+03
1.450003325939178467e+03
1.451020663738250732e+03
1.452036112308502197e+03
1.453054097652435303e+03
1.454075950622558594e+03
1.455088902711868286e+03
1.456107097148895264e+03
1.457134034872055054e+03
1.458160689353942871e+03
1.459201946735382080e+03
1.460214531898498535e+03
1.461237835645675659e+03
1.462257815599441528e+03
1.463271463632583618e+03
1.464286922216415405e+03
1.465299171924591064e+03
1.466317220926284790e+03
1.467350751399993896e+03
1.468392951250076294e+03
1.469465976476669312e+03
1.470490176677703857e+03
1.471503383636474609e+03
1.472519985675811768e+03
1.473535403966903687e+03
1.474549195289611816e+03
1.475558936357498169e+03
1.476570205926895142e+03
1.477629974126815796e+03
1.478651040315628052e+03
1.479662314414978027e+03
1.480682587146759033e+03
1.481691040277481079e+03
1.482715352535247803e+03
1.483734565496444702e+03
1.484756693601608276e+03
1.485793375253677368e+03
1.486804134607315063e+03
1.487813795804977417e+03
1.488829123020172119e+03
1.489842886447906494e+03
1.490861158609390259e+03
1.491869842529296875e+03
1.492892812728881836e+03
1.493914871931076050e+03
1.494936521530151367e+03
1.495951102018356323e+03
1.496976504325866699e+03
1.497987711668014526e+03
1.499006871461868286e+03
1.500038518905639648e+03
1.501053012132644653e+03
1.502074538469314575e+03
1.503100864887237549e+03
1.504137158155441284e+03
1.505158291816711426e+03
1.506190925359725952e+03
1.507202476978302002e+03
1.508216580152511597e+03
1.509242301940917969e+03
1.510256403207778931e+03
1.511312096118927002e+03
1.512321421384811401e+03
1.513348116159439087e+03
1.514369712114334106e+03
1.515396085023880005e+03
1.516427309513092041e+03
1.517442431211471558e+03
1.518462080478668213e+03
1.519481579542160034e+03
1.520500429391860962e+03
1.521509507894515991e+03
1.522528504133224487e+03
1.523556436777114868e+03
1.524579042911529541e+03
1.525596623897552490e+03
1.526620060443878174e+03
1.527630810260772705e+03
1.528667949914932251e+03
1.529687586069107056e+03
1.530702691316604614e+03
1.531717503070831299e+03
1.532726140975952148e+03
1.533743035078048706e+03
1.534758055210113525e+03
1.535783081769943237e+03
1.536836029767990112e+03
1.537876281261444092e+03
1.538889894247055054e+03
1.539902378082275391e+03
1.540916113615036011e+03
1.541932358264923096e+03
1.542970367908477783e+03
1.543992424726486206e+03
1.545025174617767334e+03
1.546037455081939697e+03
1.547047823429107666e+03
1.548075824022293091e+03
1.549103845119476318e+03
1.550121515035629272e+03
1.551130249977111816e+03
1.552145058870315552e+03
1.553156897306442261e+03
1.554167811155319214e+03
1.555179246187210083e+03
1.556201479196548462e+03
1.557219935655593872e+03
1.558233694553375244e+03
1.559244716644287109e+03
1.560254725456237793e+03
1.561270972013473511e+03
1.562288060665130615e+03
1.563307781219482422e+03
1.564322906970977783e+03
1.565335656642913818e+03
1.566358156204223633e+03
1.567388072967529297e+03
1.568404366016387939e+03
1.569421930074691772e+03
1.570445151805877686e+03
1.571456817388534546e+03
1.572474112987518311e+03
1.573489873409271240e+03
1.574518145799636841e+03
1.575532593965530396e+03
1.576546904087066650e+03
1.577568661212921143e+03
1.578589093923568726e+03
1.579601029634475708e+03
1.580615962028503418e+03
1.581628342866897583e+03
1.582640611171722412e+03
1.583652025938034058e+03
1.584674814224243164e+03
1.585701177358627319e+03
1.586725692033767700e+03
1.587771218299865723e+03
1.588800725460052490e+03
1.589815264701843262e+03
1.590833147287368774e+03
1.591848793983459473e+03
1.592872259616851807e+03
1.593888707160949707e+03
1.594919318675994873e+03
1.595938058614730835e+03
1.596948544740676880e+03
1.597962473630905151e+03
1.598998829364776611e+03
1.600012889385223389e+03
1.601041610956192017e+03
1.602061995506286621e+03
1.603083521604537964e+03
1.604113744020462036e+03
1.605125939369201660e+03
1.606143619298934937e+03
1.607177031993865967e+03
1.608189645051956177e+03
1.609212941169738770e+03
1.610228884220123291e+03
1.611248470067977905e+03
1.612265085697174072e+03
1.613279673337936401e+03
1.614306214570999146e+03
1.615323314428329468e+03
1.616375053882598877e+03
1.617387438774108887e+03
1.618407343387603760e+03
1.619437911272048950e+03
1.620460927724838257e+03
1.621479518175125122e+03
1.622491597175598145e+03
1.623506757020950317e+03
1.624530228137969971e+03
1.625548620462417603e+03
1.626565584897994995e+03
1.627593044996261597e+03
1.628605427503585815e+03
1.629620922565460205e+03
1.630637504100799561e+03
1.631650961399078369e+03
1.632688197612762451e+03
1.633702633857727051e+03
1.634720768213272095e+03
1.635732700586318970e+03
1.636754101753234863e+03
1.637780850172042847e+03
1.638792626380920410e+03
1.639811127662658691e+03
1.640827610731124878e+03
1.641846688270568848e+03
1.642887102127075195e+03
1.643900999546051025e+03
1.644917472839355469e+03
1.645953747749328613e+03
1.646986533880233765e+03
1.648053548574447632e+03
1.649121763706207275e+03
1.650145586252212524e+03
1.651162611961364746e+03
1.652173155307769775e+03
1.653192273378372192e+03
1.654269781589508057e+03
1.655292165040969849e+03
1.656309938430786133e+03
1.657323060035705566e+03
1.658342901706695557e+03
1.659356162309646606e+03
1.660370807647705078e+03
1.661392090559005737e+03
1.662404572248458862e+03
1.663430042982101440e+03
1.664467416286468506e+03
1.665480725049972534e+03
1.666496857881546021e+03
1.667509228706359863e+03
1.668528131246566772e+03
1.669546637773513794e+03
1.670559703826904297e+03
1.671605720281600952e+03
1.672628644704818726e+03
1.673645537614822388e+03
1.674663527250289917e+03
1.675674774169921875e+03
1.676689821243286133e+03
1.677700540781021118e+03
1.678713349819183350e+03
1.679761578083038330e+03
1.680777540922164917e+03
1.681795886278152466e+03
1.682820623159408569e+03
1.683833112239837646e+03
1.684846388816833496e+03
1.685893797397613525e+03
1.686910107612609863e+03
1.687944013595581055e+03
1.688954040050506592e+03
1.689967197179794312e+03
1.690978296279907227e+03
1.691997572660446167e+03
1.693033174514770508e+03
1.694062354087829590e+03
1.695074621200561523e+03
1.696087112188339233e+03
1.697114248037338257e+03
1.698137082576751709e+03
1.699151152849197388e+03
1.700166599988937378e+03
1.701180673360824585e+03
1.702192601203918457e+03
1.703208481788635254e+03
1.704240407228469849e+03
1.705251736402511597e+03
1.706265611886978149e+03
1.707287323474884033e+03
1.708312659740447998e+03
1.709371007204055786e+03
1.710383731603622437e+03
1.711403272151947021e+03
1.712416170358657837e+03
1.713432893514633179e+03
1.714466787815093994e+03
1.715482573032379150e+03
1.716514745712280273e+03
1.717544404268264771e+03
1.718561540126800537e+03
1.719574616909027100e+03
1.720586585521697998e+03
1.721605484247207642e+03
1.722632137298583984e+03
1.723648392677307129e+03
1.724705210447311401e+03
1.725726294994354248e+03
1.726736986398696899e+03
1.727748234987258911e+03
1.728756405830383301e+03
1.729780071258544922e+03
1.730793059110641479e+03
1.731801770687103271e+03
1.732823566198348999e+03
1.733835836648941040e+03
1.734846142768859863e+03
1.735861922264099121e+03
1.736873167276382446e+03
1.737890798330307007e+03
1.738906049728393555e+03
1.739922560691833496e+03
1.740937896013259888e+03
1.741952682495117188e+03
1.742976909160614014e+03
1.743998599767684937e+03
1.745010216951370239e+03
1.746028247356414795e+03
1.747042190551757812e+03
1.748051479578018188e+03
1.749078457832336426e+03
1.750092416048049927e+03
1.751116981267929077e+03
1.752134787082672119e+03
1.753148023366928101e+03
1.754160305023193359e+03
1.755176097869873047e+03
1.756191496372222900e+03
1.757213288307189941e+03
1.758225705385208130e+03
1.759241955280303955e+03
1.760261955738067627e+03
1.761274415254592896e+03
1.762301581621170044e+03
1.763313282728195190e+03
1.764327571392059326e+03
1.765361673116683960e+03
1.766376356601715088e+03
1.767435984849929810e+03
1.768481374740600586e+03
1.769533982038497925e+03
1.770556335449218750e+03
1.771583743572235107e+03
1.772615497589111328e+03
1.773640490055084229e+03
1.774653661966323853e+03
1.775688673019409180e+03
1.776706299066543579e+03
1.777742925405502319e+03
1.778775484323501587e+03
1.779791119575500488e+03
1.780804933547973633e+03
1.781823055028915405e+03
1.782866701841354370e+03
1.783899559974670410e+03
1.784909576654434204e+03
1.785925507068634033e+03
1.786934942007064819e+03
1.787945679903030396e+03
1.788959421157836914e+03
1.789979168891906738e+03
1.790991970300674438e+03
1.792002365350723267e+03
1.793016622304916382e+03
1.794040115833282471e+03
1.795082691192626953e+03
1.796096527338027954e+03
1.797109444618225098e+03
1.798124824285507202e+03
1.799139549970626831e+03
1.800155466318130493e+03
1.801174966096878052e+03
1.802217692852020264e+03
1.803230077981948853e+03
1.804244361639022827e+03
1.805253918409347534e+03
1.806268481492996216e+03
1.807287671804428101e+03
1.808310809135437012e+03
1.809332329511642456e+03
1.810387289285659790e+03
1.811400729656219482e+03
1.812416376352310181e+03
1.813426378011703491e+03
1.814442654848098755e+03
1.815460937500000000e+03
1.816480010509490967e+03
1.817507213592529297e+03
1.818519153833389282e+03
1.819558140993118286e+03
1.820573465108871460e+03
1.821596916913986206e+03
1.822664514064788818e+03
1.823686417579650879e+03
1.824716371297836304e+03
1.825746013879776001e+03
1.826776750564575195e+03
1.827829636335372925e+03
1.828884015798568726e+03
1.829918555498123169e+03
1.830938077211380005e+03
1.831976397752761841e+03
1.833005747318267822e+03
1.834023342370986938e+03
1.835035971403121948e+03
1.836055052757263184e+03
1.837126005172729492e+03
1.838186325788497925e+03
1.839196691036224365e+03
1.840218602418899536e+03
1.841244265317916870e+03
1.842257572889328003e+03
1.843273589372634888e+03
1.844285664081573486e+03
1.845306989908218384e+03
1.846326124668121338e+03
1.847339528560638428e+03
1.848351628065109253e+03
1.849366227149963379e+03
1.850384495019912720e+03
1.851404539108276367e+03
1.852417201519012451e+03
1.853433155775070190e+03
1.854446828603744507e+03
1.855464116334915161e+03
1.856485645294189453e+03
1.857499507904052734e+03
1.858514767646789551e+03
1.859529040336608887e+03
1.860538589715957642e+03
1.861564112901687622e+03
1.862584573745727539e+03
1.863599930524826050e+03
1.864611191034317017e+03
1.865632990837097168e+03
1.866651345491409302e+03
1.867663757324218750e+03
1.868672987699508667e+03
1.869685354709625244e+03
1.870697418689727783e+03
1.871709455728530884e+03
1.872728052854537964e+03
1.873746212959289551e+03
1.874781939983367920e+03
1.875794239997863770e+03
1.876816408157348633e+03
1.877855447292327881e+03
1.878881347417831421e+03
1.879903080224990845e+03
1.880916224956512451e+03
1.881941574811935425e+03
1.882957735776901245e+03
1.883969577550888062e+03
1.884992055892944336e+03
1.886012966871261597e+03
1.887038928508758545e+03
1.888099183320999146e+03
1.889125234365463257e+03
1.890164347171783447e+03
1.891180657148361206e+03
1.892190381050109863e+03
1.893200685262680054e+03
1.894239722013473511e+03
1.895252298355102539e+03
1.896272828340530396e+03
1.897285026550292969e+03
1.898309592723846436e+03
1.899324140071868896e+03
1.900336414813995361e+03
1.901350917577743530e+03
1.902365324974060059e+03
1.903375734090805054e+03
1.904393349170684814e+03
1.905406853914260864e+03
1.906437806129455566e+03
1.907457882881164551e+03
1.908468466758728027e+03
1.909479734897613525e+03
1.910495569944381714e+03
1.911507945060729980e+03
1.912521291255950928e+03
1.913536231040954590e+03
1.914549006462097168e+03
1.915561664104461670e+03
1.916575170755386353e+03
1.917597068071365356e+03
1.918610543727874756e+03
1.919623736143112183e+03
1.920645020484924316e+03
1.921656997919082642e+03
1.922674244403839111e+03
1.923691264152526855e+03
1.924719566822052002e+03
1.925736160278320312e+03
1.926753433465957642e+03
1.927765691041946411e+03
1.928781658411026001e+03
1.929791897058486938e+03
1.930812671899795532e+03
1.931829653263092041e+03
1.932842591524124146e+03
1.933864280939102173e+03
1.934895645141601562e+03
1.935923459529876709e+03
1.936935864686965942e+03
1.937948343276977539e+03
1.938974089384078979e+03
1.939989693164825439e+03
1.941004269123077393e+03
1.942019803047180176e+03
1.943072879314422607e+03
1.944085763692855835e+03
1.945100443124771118e+03
1.946120002985000610e+03
1.947133606433868408e+03
1.948144012212753296e+03
1.949155858278274536e+03
1.950178332090377808e+03
1.951190834283828735e+03
1.952204555511474609e+03
1.953230839490890503e+03
1.954245388031005859e+03
1.955257335901260376e+03
1.956268235445022583e+03
1.957283839702606201e+03
1.958297345876693726e+03
1.959309493064880371e+03
1.960349975824356079e+03
1.961382684946060181e+03
1.962400495290756226e+03
1.963435253858566284e+03
1.964446574449539185e+03
1.965457112550735474e+03
1.966467986583709717e+03
1.967478315830230713e+03
1.968499122619628906e+03
1.969510192871093750e+03
1.970530338764190674e+03
1.971540233850479126e+03
1.972550072431564331e+03
1.973576780796051025e+03
1.974603940725326538e+03
1.975617355585098267e+03
1.976631032705307007e+03
1.977640481233596802e+03
1.978655291557312012e+03
1.979676820755004883e+03
1.980701149463653564e+03
1.981717904329299927e+03
1.982727780818939209e+03
1.983744151830673218e+03
1.984756122112274170e+03
1.985766380071640015e+03
1.986780809402465820e+03
1.987791893959045410e+03
1.988815626144409180e+03
1.989832922697067261e+03
1.990852312564849854e+03
1.991892675399780273e+03
1.992912690401077271e+03
1.993925231218338013e+03
1.994952115297317505e+03
1.995971431255340576e+03
1.997023379802703857e+03
1.998109967708587646e+03
1.999125137090682983e+03
2.000148889780044556e+03
2.001180043935775757e+03
2.002198260784149170e+03
2.003215323925018311e+03
2.004230339288711548e+03
2.005267086267471313e+03
2.006285355091094971e+03
2.007307180881500244e+03
2.008338047742843628e+03
2.009385946750640869e+03
2.010420795440673828e+03
2.011436578273773193e+03
2.012461414813995361e+03
2.013495456933975220e+03
2.014507707595825195e+03
2.015518625259399414e+03
2.016559393882751465e+03
2.017570888280868530e+03
2.018585612535476685e+03
2.019605085134506226e+03
2.020632988929748535e+03
2.021659207582473755e+03
2.022670498847961426e+03
2.023683575391769409e+03
2.024705387830734253e+03
2.025717521905899048e+03
2.026735389471054077e+03
2.027750574588775635e+03
2.028761377811431885e+03
2.029780812025070190e+03
2.030816242456436157e+03
2.031845597982406616e+03
2.032876529932022095e+03
2.033888983011245728e+03
2.034906338930130005e+03
2.035944153308868408e+03
2.036980723619461060e+03
2.038012358665466309e+03
2.039027594327926636e+03
2.040057928085327148e+03
2.041080610513687134e+03
2.042097803831100464e+03
2.043132646083831787e+03
2.044148484468460083e+03
2.045166820764541626e+03
2.046203697681427002e+03
2.047215930223464966e+03
2.048235703706741333e+03
2.049269005298614502e+03
2.050287200450897217e+03
2.051327142238616943e+03
2.052339299917221069e+03
2.053360550880432129e+03
2.054395180225372314e+03
2.055416080713272095e+03
2.056437429428100586e+03
2.057452349901199341e+03
2.058466905355453491e+03
2.059485270738601685e+03
2.060508041620254517e+03
2.061532550334930420e+03
2.062551009654998779e+03
2.063560320377349854e+03
2.064575846910476685e+03
2.065606216192245483e+03
2.066634492158889771e+03
2.067664249420166016e+03
2.068682605028152466e+03
2.069747912883758545e+03
2.070784822463989258e+03
2.071799896955490112e+03
2.072825498819351196e+03
2.073839542388916016e+03
2.074863134622573853e+03
2.075883831501007080e+03
2.076896776437759399e+03
2.077923535108566284e+03
2.078940055370330811e+03
2.079958826541900635e+03
2.080975761890411377e+03
2.081983769655227661e+03
2.082994012117385864e+03
2.084006974697113037e+03
2.085017070531845093e+03
2.086030490159988403e+03
2.087045387506484985e+03
2.088060331583023071e+03
2.089098287105560303e+03
2.090111325502395630e+03
2.091136404514312744e+03
2.092152513027191162e+03
2.093166149616241455e+03
2.094179240226745605e+03
2.095190780162811279e+03
2.096203094244003296e+03
2.097214203596115112e+03
2.098225157499313354e+03
2.099263673543930054e+03
2.100284235000610352e+03
2.101294899702072144e+03
2.102311049461364746e+03
2.103331691503524780e+03
2.104362988471984863e+03
2.105393766403198242e+03
2.106416454076766968e+03
2.107431058168411255e+03
2.108454815387725830e+03
2.109489916324615479e+03
2.110511705160140991e+03
2.111521521568298340e+03
2.112555191040039062e+03
2.113566552877426147e+03
2.114583029508590698e+03
2.115614913702011108e+03
2.116625982999801636e+03
2.117646513700485229e+03
2.118667730808258057e+03
2.119687201738357544e+03
2.120702835798263550e+03
2.121730971097946167e+03
2.122745709419250488e+03
2.123767996788024902e+03
2.124782323360443115e+03
2.125798695087432861e+03
2.126817580461502075e+03
2.127848120689392090e+03
2.128878102064132690e+03
2.129899852514266968e+03
2.130933275938034058e+03
2.131953859567642212e+03
2.132972551345825195e+03
2.134003103017807007e+03
2.135015107154846191e+03
2.136031221866607666e+03
2.137041064739227295e+03
2.138051435947418213e+03
2.139071327209472656e+03
2.140081611633300781e+03
2.141094073295593262e+03
2.142107303142547607e+03
2.143116163492202759e+03
2.144134997844696045e+03
2.145168051719665527e+03
2.146187107563018799e+03
2.147201448917388916e+03
2.148213267564773560e+03
2.149234786510467529e+03
2.150246730089187622e+03
2.151256211280822754e+03
2.152309069633483887e+03
2.153319881916046143e+03
2.154340357303619385e+03
2.155373157501220703e+03
2.156392579793930054e+03
2.157406018495559692e+03
2.158419715642929077e+03
2.159432162284851074e+03
2.160445133924484253e+03
2.161470106840133667e+03
2.162505826473236084e+03
2.163519164800643921e+03
2.164542238950729370e+03
2.165587348461151123e+03
2.166600841999053955e+03
2.167641360759735107e+03
2.168663299322128296e+03
2.169690399408340454e+03
2.170742472171783447e+03
2.171752788305282593e+03
2.172791198968887329e+03
2.173815932512283325e+03
2.174841035604476929e+03
2.175854184865951538e+03
2.176873000383377075e+03
2.177895134687423706e+03
2.178906728267669678e+03
2.179926942586898804e+03
2.180945982694625854e+03
2.181958195447921753e+03
2.182981772899627686e+03
2.183994517803192139e+03
2.185015556812286377e+03
2.186042717933654785e+03
2.187065695524215698e+03
2.188088297843933105e+03
2.189112637758255005e+03
2.190143249511718750e+03
2.191169907093048096e+03
2.192193332433700562e+03
2.193223594665527344e+03
2.194234775543212891e+03
2.195253724575042725e+03
2.196274651288986206e+03
2.197297989845275879e+03
2.198344918727874756e+03
2.199356659889221191e+03
2.200367936849594116e+03
2.201386277914047241e+03
2.202406653165817261e+03
2.203426230192184448e+03
2.204437770366668701e+03
2.205448026418685913e+03
2.206466820716857910e+03
2.207478891134262085e+03
2.208507884979248047e+03
2.209519234657287598e+03
2.210540707826614380e+03
2.211565608501434326e+03
2.212577736616134644e+03
2.213612029552459717e+03
2.214628226280212402e+03
2.215646812915802002e+03
2.216672022342681885e+03
2.217684922695159912e+03
2.218723562717437744e+03
2.219740038156509399e+03
2.220749208927154541e+03
2.221767443656921387e+03
2.222778404474258423e+03
2.223802335262298584e+03
2.224835641384124756e+03
2.225890932798385620e+03
2.226906777381896973e+03
2.227921840429306030e+03
2.228935799837112427e+03
2.229957632541656494e+03
2.230970804929733276e+03
2.231987049579620361e+03
2.233002671003341675e+03
2.234020267963409424e+03
2.235054735183715820e+03
2.236087045907974243e+03
2.237108479261398315e+03
2.238140708446502686e+03
2.239150655508041382e+03
2.240174421548843384e+03
2.241193490505218506e+03
2.242240901947021484e+03
2.243264691352844238e+03
2.244276752233505249e+03
2.245301941633224487e+03
2.246323404788970947e+03
2.247353794813156128e+03
2.248415734529495239e+03
2.249474119424819946e+03
2.250519669532775879e+03
2.251543493986129761e+03
2.252562646865844727e+03
2.253578898429870605e+03
2.254605018854141235e+03
2.255616765260696411e+03
2.256659627437591553e+03
2.257674009084701538e+03
2.258685322046279907e+03
2.259700212478637695e+03
2.260712293148040771e+03
2.261723068237304688e+03
2.262744175672531128e+03
2.263772486925125122e+03
2.264803611755371094e+03
2.265828557014465332e+03
2.266857627868652344e+03
2.267890009164810181e+03
2.268901376962661743e+03
2.269910823583602905e+03
2.270949848413467407e+03
2.271982085704803467e+03
2.273020158052444458e+03
2.274032401323318481e+03
2.275048587322235107e+03
2.276091497421264648e+03
2.277113801002502441e+03
2.278171730279922485e+03
2.279192354917526245e+03
2.280209094047546387e+03
2.281232225656509399e+03
2.282244491815567017e+03
2.283259103298187256e+03
2.284292341232299805e+03
2.285324522733688354e+03
2.286353204488754272e+03
2.287365281820297241e+03
2.288377429485321045e+03
2.289393870830535889e+03
2.290418519735336304e+03
2.291450897693634033e+03
2.292464363098144531e+03
2.293486567974090576e+03
2.294505702733993530e+03
2.295523346662521362e+03
2.296539319753646851e+03
2.297555490970611572e+03
2.298567745447158813e+03
2.299582192897796631e+03
2.300609314680099487e+03
2.301649823665618896e+03
2.302669388055801392e+03
2.303695292949676514e+03
2.304706653118133545e+03
2.305720458269119263e+03
2.306754193067550659e+03
2.307812784910202026e+03
2.308848072052001953e+03
2.309896571874618530e+03
2.310907865524291992e+03
2.311922692775726318e+03
2.312934551715850830e+03
2.313953007698059082e+03
2.314971386432647705e+03
2.315984520435333252e+03
2.316999392271041870e+03
2.318020384550094604e+03
2.319031587362289429e+03
2.320058695316314697e+03
2.321071455717086792e+03
2.322087198495864868e+03
2.323105164527893066e+03
2.324134108066558838e+03
2.325201947689056396e+03
2.326228756904602051e+03
2.327251070499420166e+03
2.328269372701644897e+03
2.329283051490783691e+03
2.330315214395523071e+03
2.331365219116210938e+03
2.332382705450057983e+03
2.333401850938796997e+03
2.334414288759231567e+03
2.335433766365051270e+03
2.336453471183776855e+03
2.337464469194412231e+03
2.338484885215759277e+03
2.339504914760589600e+03
2.340533820629119873e+03
2.341559606313705444e+03
2.342576118230819702e+03
2.343590485095977783e+03
2.344603435039520264e+03
2.345617631196975708e+03
2.346653012514114380e+03
2.347668006896972656e+03
2.348684547662734985e+03
2.349719401121139526e+03
2.350733833074569702e+03
2.351754379749298096e+03
2.352767096757888794e+03
2.353781460046768188e+03
2.354798636913299561e+03
2.355810340404510498e+03
2.356823682546615601e+03
2.357835561275482178e+03
2.358847985267639160e+03
2.359884702920913696e+03
2.360901343345642090e+03
2.361927582979202271e+03
2.362948133945465088e+03
2.363959231853485107e+03
2.364999989986419678e+03
2.366017479658126831e+03
2.367042898654937744e+03
2.368067833900451660e+03
2.369089590787887573e+03
2.370106170177459717e+03
2.371123232126235962e+03
2.372147763013839722e+03
2.373167572498321533e+03
2.374176569938659668e+03
2.375193043708801270e+03
2.376214972972869873e+03
2.377227657318115234e+03
2.378258927345275879e+03
2.379294327020645142e+03
2.380312306404113770e+03
2.381327516317367554e+03
2.382340362310409546e+03
2.383351247310638428e+03
2.384362099885940552e+03
2.385383553981781006e+03
2.386409769773483276e+03
2.387422086238861084e+03
2.388440307617187500e+03
2.389452479124069214e+03
2.390464989662170410e+03
2.391508402585983276e+03
2.392519542217254639e+03
2.393542567014694214e+03
2.394562196016311646e+03
2.395574975490570068e+03
2.396604538202285767e+03
2.397640245676040649e+03
2.398658172130584717e+03
2.399679936408996582e+03
2.400691752672195435e+03
2.401709879875183105e+03
2.402727451086044312e+03
2.403750459432601929e+03
2.404766144275665283e+03
2.405778174400329590e+03
2.406795173883438110e+03
2.407827478170394897e+03
2.408845174789428711e+03
2.409880728483200073e+03
2.410906646728515625e+03
2.411917732477188110e+03
2.412928308486938477e+03
2.413938239574432373e+03
2.414951731204986572e+03
2.415961964607238770e+03
2.416975922346115112e+03
2.418004054307937622e+03
2.419017291784286499e+03
2.420031778812408447e+03
2.421044709444046021e+03
2.422070151329040527e+03
2.423101901531219482e+03
2.424116915941238403e+03
2.425140288591384888e+03
2.426161827802658081e+03
2.427205100774765015e+03
2.428242019176483154e+03
2.429283580541610718e+03
2.430350571870803833e+03
2.431367258310317993e+03
2.432399630308151245e+03
2.433412786960601807e+03
2.434443165540695190e+03
2.435474135398864746e+03
2.436488460063934326e+03
2.437502059936523438e+03
2.438543978691101074e+03
2.439582870244979858e+03
2.440609969139099121e+03
2.441635260820388794e+03
2.442657688379287720e+03
2.443677553415298462e+03
2.444699086904525757e+03
2.445711531877517700e+03
2.446723910570144653e+03
2.447735263824462891e+03
2.448753491640090942e+03
2.449794682025909424e+03
2.450808117628097534e+03
2.451827909946441650e+03
2.452852944612503052e+03
2.453877138137817383e+03
2.454895365476608276e+03
2.455907794237136841e+03
2.456926353216171265e+03
2.457952374219894409e+03
2.458965298891067505e+03
2.459979860067367554e+03
2.460991903066635132e+03
2.462571270704269409e+03
2.463585337638854980e+03
2.464612647533416748e+03
2.465682983398437500e+03
2.466740980386734009e+03
2.467783569812774658e+03
2.468802049398422241e+03
2.469841381311416626e+03
2.470871557235717773e+03
2.471890423536300659e+03
2.472918424844741821e+03
2.473982757091522217e+03
2.474997063398361206e+03
2.476043440818786621e+03
2.477065080404281616e+03
2.478082431077957153e+03
2.479100659370422363e+03
2.480121685743331909e+03
2.481137701034545898e+03
2.482152406454086304e+03
2.483161808729171753e+03
2.484176476001739502e+03
2.485188999176025391e+03
2.486209121465682983e+03
2.487238799095153809e+03
2.488270559787750244e+03
2.489328950166702271e+03
2.490354305505752563e+03
2.491367640256881714e+03
2.492383624315261841e+03
2.493417910814285278e+03
2.494440590858459473e+03
2.495455654382705688e+03
2.496470468759536743e+03
2.497490323066711426e+03
2.498534073352813721e+03
2.499566505193710327e+03
2.500593665838241577e+03
2.501611326456069946e+03
2.502654522418975830e+03
2.503669980287551880e+03
2.504712203979492188e+03
2.505743624925613403e+03
2.506779850959777832e+03
2.507792882442474365e+03
2.508810342311859131e+03
2.509845987796783447e+03
2.510858253240585327e+03
2.511887202978134155e+03
2.512900012016296387e+03
2.513927572488784790e+03
2.514950854778289795e+03
2.515964784622192383e+03
2.516984597682952881e+03
2.517998135805130005e+03
2.519015721797943115e+03
2.520028141975402832e+03
2.521043303251266479e+03
2.522058685541152954e+03
2.523071641683578491e+03
2.524081005334854126e+03
2.525122511148452759e+03
2.526142791986465454e+03
2.527159496784210205e+03
2.528171556711196899e+03
2.529188434123992920e+03
2.530208926200866699e+03
2.531226934194564819e+03
2.532259801387786865e+03
2.533276934862136841e+03
2.534290496110916138e+03
2.535309977054595947e+03
2.536331083774566650e+03
2.537355441093444824e+03
2.538376394271850586e+03
2.539410102844238281e+03
2.540475545644760132e+03
2.541521821975708008e+03
2.542537554502487183e+03
2.543551909446716309e+03
2.544566870212554932e+03
2.545579122543334961e+03
2.546597121715545654e+03
2.547645521402359009e+03
2.548686826944351196e+03
2.549768073797225952e+03
2.550828262329101562e+03
2.551840956449508667e+03
2.552849697113037109e+03
2.553873943328857422e+03
2.554900817871093750e+03
2.555922800540924072e+03
2.556937693119049072e+03
2.557949833154678345e+03
2.558968286275863647e+03
2.559979737520217896e+03
2.560991869449615479e+03
2.562008408308029175e+03
2.563029083251953125e+03
2.564093249082565308e+03
2.565103432893753052e+03
2.566119284152984619e+03
2.567153051376342773e+03
2.568201624631881714e+03
2.569223727703094482e+03
2.570282204389572144e+03
2.571294806957244873e+03
2.572315346240997314e+03
2.573335245132446289e+03
2.574347404956817627e+03
2.575370089530944824e+03
2.576385327100753784e+03
2.577408520221710205e+03
2.578433009862899780e+03
2.579448107719421387e+03
2.580473922252655029e+03
2.581491894721984863e+03
2.582505751609802246e+03
2.583527555704116821e+03
2.584546056985855103e+03
2.585558551073074341e+03
2.586606065511703491e+03
2.587619574546813965e+03
2.588636637687683105e+03
2.589655354738235474e+03
2.590667962312698364e+03
2.591702538490295410e+03
2.592722170829772949e+03
2.593731946706771851e+03
2.594748399972915649e+03
2.595761533737182617e+03
2.596778525114059448e+03
2.597797646045684814e+03
2.598821719169616699e+03
2.599855174303054810e+03
2.600877785921096802e+03
2.601906152725219727e+03
2.602933128356933594e+03
2.603960866212844849e+03
2.604976105690002441e+03
2.605988779067993164e+03
2.607042096138000488e+03
2.608087126970291138e+03
2.609137363672256470e+03
2.610159229993820190e+03
2.611171094179153442e+03
2.612190896987915039e+03
2.613217453241348267e+03
2.614228060960769653e+03
2.615251583814620972e+03
2.616264451503753662e+03
2.617276636600494385e+03
2.618287571668624878e+03
2.619306799888610840e+03
2.620340366601943970e+03
2.621355514526367188e+03
2.622374246120452881e+03
2.623414065122604370e+03
2.624440882921218872e+03
2.625464673042297363e+03
2.626477566719055176e+03
2.627512132406234741e+03
2.628529388189315796e+03
2.629554759263992310e+03
2.630569350719451904e+03
2.631581197738647461e+03
2.632591657400131226e+03
2.633612697362899780e+03
2.634628170967102051e+03
2.635657137155532837e+03
2.636674722433090210e+03
2.637689720392227173e+03
2.638709431409835815e+03
2.639723587036132812e+03
2.640736244916915894e+03
2.641759329557418823e+03
2.642775669336318970e+03
2.643791877269744873e+03
2.644806337356567383e+03
2.645829407453536987e+03
2.646872324466705322e+03
2.647887718677520752e+03
2.648901993989944458e+03
2.649932755947113037e+03
2.650946311235427856e+03
2.651968129634857178e+03
2.652985211610794067e+03
2.654012241601943970e+03
2.655033727169036865e+03
2.656048498630523682e+03
2.657063824176788330e+03
2.658081904411315918e+03
2.659092238664627075e+03
2.660107885599136353e+03
2.661120236396789551e+03
2.662144775867462158e+03
2.663162354230880737e+03
2.664174929380416870e+03
2.665193696498870850e+03
2.666211836576461792e+03
2.667237435102462769e+03
2.668300043344497681e+03
2.669332934617996216e+03
2.670386251688003540e+03
2.671413273811340332e+03
2.672425789117813110e+03
2.673449235439300537e+03
2.674480541229248047e+03
2.675501507282257080e+03
2.676528215646743774e+03
2.677541614055633545e+03
2.678557366847991943e+03
2.679598667621612549e+03
2.680622054100036621e+03
2.681639611482620239e+03
2.682668145418167114e+03
2.683680262804031372e+03
2.684708698749542236e+03
2.685722481727600098e+03
2.686736856698989868e+03
2.687750411987304688e+03
2.688762619256973267e+03
2.689805469512939453e+03
2.690849821567535400e+03
2.691876968145370483e+03
2.692894346475601196e+03
2.693909307003021240e+03
2.694932046890258789e+03
2.695958149194717407e+03
2.696970713853836060e+03
2.697988014698028564e+03
2.699001573801040649e+03
2.700023963451385498e+03
2.701039705753326416e+03
2.702050860404968262e+03
2.703070501327514648e+03
2.704090146064758301e+03
2.705108364105224609e+03
2.706131950139999390e+03
2.707144987106323242e+03
2.708166235685348511e+03
2.709180414438247681e+03
2.710189422845840454e+03
2.711203553199768066e+03
2.712220945358276367e+03
2.713232262849807739e+03
2.714271019220352173e+03
2.715284226894378662e+03
2.716294921398162842e+03
2.717305542230606079e+03
2.718325613737106323e+03
2.719355194807052612e+03
2.720381275892257690e+03
2.721397882461547852e+03
2.722409314632415771e+03
2.723434930086135864e+03
2.724465755701065063e+03
2.725476651191711426e+03
2.726507236480712891e+03
2.727536581277847290e+03
2.728567800283432007e+03
2.729613652944564819e+03
2.730625570774078369e+03
2.731647630929946899e+03
2.732667305231094360e+03
2.733691698551177979e+03
2.734712013244628906e+03
2.735727231025695801e+03
2.736744766235351562e+03
2.737762141942977905e+03
2.738785121917724609e+03
2.739802360296249390e+03
2.740823349237442017e+03
2.741835520744323730e+03
2.742854784011840820e+03
2.743879306316375732e+03
2.744897265911102295e+03
2.745920293092727661e+03
2.746956278800964355e+03
2.747971501111984253e+03
2.748982196331024170e+03
2.750003386735916138e+03
2.751030274868011475e+03
2.752048835277557373e+03
2.753059547185897827e+03
2.754074767827987671e+03
2.755086465120315552e+03
2.756105137825012207e+03
2.757116924762725830e+03
2.758138748884201050e+03
2.759160768270492554e+03
2.760173712253570557e+03
2.761191352605819702e+03
2.762206503868103027e+03
2.763232380390167236e+03
2.764255954504013062e+03
2.765272674560546875e+03
2.766303171157836914e+03
2.767338064670562744e+03
2.768368558883666992e+03
2.769381909847259521e+03
2.770390896558761597e+03
2.771414071798324585e+03
2.772436031103134155e+03
2.773455495834350586e+03
2.774468662500381470e+03
2.775487370252609253e+03
2.776506881713867188e+03
2.777524410009384155e+03
2.778537371635437012e+03
2.779556817770004272e+03
2.780581471443176270e+03
2.781611091375350952e+03
2.782652661085128784e+03
2.783682011127471924e+03
2.784698116064071655e+03
2.785714342594146729e+03
2.786754919290542603e+03
2.787826227426528931e+03
2.788881810903549194e+03
2.789907850742340088e+03
2.790923393964767456e+03
2.791936074733734131e+03
2.792951266050338745e+03
2.793964234590530396e+03
2.794974913597106934e+03
2.795994622945785522e+03
2.797016716957092285e+03
2.798028871297836304e+03
2.799043175697326660e+03
2.800056280374526978e+03
2.801069329500198364e+03
2.802093098878860474e+03
2.803112353801727295e+03
2.804161980390548706e+03
2.805176425457000732e+03
2.806193785190582275e+03
2.807214715480804443e+03
2.808232745885848999e+03
2.809270696640014648e+03
2.810294104099273682e+03
2.811310573339462280e+03
2.812339265346527100e+03
2.813353919982910156e+03
2.814370719671249390e+03
2.815388742923736572e+03
2.816403343439102173e+03
2.817415575027465820e+03
2.818427814960479736e+03
2.819437176704406738e+03
2.820466773748397827e+03
2.821478894233703613e+03
2.822494324445724487e+03
2.823508859157562256e+03
2.824533036708831787e+03
2.825559718608856201e+03
2.826592766046524048e+03
2.827604829311370850e+03
2.828624403715133667e+03
2.829637255191802979e+03
2.830661082267761230e+03
2.831694030523300171e+03
2.832710803747177124e+03
2.833739575386047363e+03
2.834752410888671875e+03
2.835765443801879883e+03
2.836795274734497070e+03
2.837808423757553101e+03
2.838832223653793335e+03
2.839862079143524170e+03
2.840904365062713623e+03
2.841935518741607666e+03
2.842947200059890747e+03
2.843971307277679443e+03
2.844996982574462891e+03
2.846013306617736816e+03
2.847027076959609985e+03
2.848038331031799316e+03
2.849058840274810791e+03
2.850092967987060547e+03
2.851101656436920166e+03
2.852114258527755737e+03
2.853125188827514648e+03
2.854154914140701294e+03
2.855177816867828369e+03
2.856190526723861694e+03
2.857205200672149658e+03
2.858220455408096313e+03
2.859229897737503052e+03
2.860262310266494751e+03
2.861274011135101318e+03
2.862293228626251221e+03
2.863302474260330200e+03
2.864321172714233398e+03
2.865341330289840698e+03
2.866354330301284790e+03
2.867369677305221558e+03
2.868382192134857178e+03
2.869401927232742310e+03
2.870428364515304565e+03
2.871467158794403076e+03
2.872495466709136963e+03
2.873526234388351440e+03
2.874540838241577148e+03
2.875562260389328003e+03
2.876593547582626343e+03
2.877607429742813110e+03
2.878621695041656494e+03
2.879636933803558350e+03
2.880659462213516235e+03
2.881723502397537231e+03
2.882750415086746216e+03
2.883775503635406494e+03
2.884790371179580688e+03
2.885811296224594116e+03
2.886850795984268188e+03
2.887895136594772339e+03
2.888914669990539551e+03
2.889934182405471802e+03
2.890955646753311157e+03
2.891991403818130493e+03
2.893014369487762451e+03
2.894062039375305176e+03
2.895074379682540894e+03
2.896086881875991821e+03
2.897112938404083252e+03
2.898159108877182007e+03
2.899175148725509644e+03
2.900187460660934448e+03
2.901199641466140747e+03
2.902226140499114990e+03
2.903246271610260010e+03
2.904271085262298584e+03
2.905301223278045654e+03
2.906318304300308228e+03
2.907344903707504272e+03
2.908365252256393433e+03
2.909377675771713257e+03
2.910396359205245972e+03
2.911410000562667847e+03
2.912433039903640747e+03
2.913455642938613892e+03
2.914470193624496460e+03
2.915485848903656006e+03
2.916514959335327148e+03
2.917532114267349243e+03
2.918567993879318237e+03
2.919589518547058105e+03
2.920603374958038330e+03
2.921624437093734741e+03
2.922647486448287964e+03
2.923671532630920410e+03
2.924687147378921509e+03
2.925701736450195312e+03
2.926716839790344238e+03
2.927730308771133423e+03
2.928752673149108887e+03
2.929780105113983154e+03
2.930807879447937012e+03
2.931847818851470947e+03
2.932859400749206543e+03
2.933877131223678589e+03
2.934898246765136719e+03
2.935938201665878296e+03
2.936958624362945557e+03
2.937968966484069824e+03
2.938984195947647095e+03
2.940014470577239990e+03
2.941029908657073975e+03
2.942055966138839722e+03
2.943079783678054810e+03
2.944108310222625732e+03
2.945140149116516113e+03
2.946166880607604980e+03
2.947193383455276489e+03
2.948214746236801147e+03
2.949225945472717285e+03
2.950238505125045776e+03
2.951261381387710571e+03
2.952272694110870361e+03
2.953298448324203491e+03
2.954315825223922729e+03
2.955326560020446777e+03
2.956354537963867188e+03
2.957366211175918579e+03
2.958377521514892578e+03
2.959391835689544678e+03
2.960410032033920288e+03
2.961427149295806885e+03
2.962440949678421021e+03
2.963464026451110840e+03
2.964478863477706909e+03
2.965493465185165405e+03
2.966526374101638794e+03
2.967591393947601318e+03
2.968626485824584961e+03
2.969646117925643921e+03
2.970665882587432861e+03
2.971687921762466431e+03
2.972700277566909790e+03
2.973720609903335571e+03
2.974752998113632202e+03
2.975768896341323853e+03
2.976779184341430664e+03
2.977799689054489136e+03
2.978811246156692505e+03
2.979824358463287354e+03
2.980839268445968628e+03
2.981854300737380981e+03
2.982884251356124878e+03
2.983896446704864502e+03
2.984918467998504639e+03
2.985941933393478394e+03
2.986958775281906128e+03
2.988013930320739746e+03
2.989049927473068237e+03
2.990067552804946899e+03
2.991082233905792236e+03
2.992093557357788086e+03
2.993124008893966675e+03
2.994146572113037109e+03
2.995156949996948242e+03
2.996190598726272583e+03
2.997239390611648560e+03
2.998255687236785889e+03
2.999282284021377563e+03
3.000299641370773315e+03
3.001312740087509155e+03
3.002330255031585693e+03
3.003348742723464966e+03
3.004374542713165283e+03
3.005397136449813843e+03
3.006411054849624634e+03
3.007427476406097412e+03
3.008439101219177246e+03
3.009455619096755981e+03
3.010479895114898682e+03
3.011492828845977783e+03
3.012519991159439087e+03
3.013531441926956177e+03
3.014549534320831299e+03
3.015570134639739990e+03
3.016580308198928833e+03
3.017591790676116943e+03
3.018600283622741699e+03
3.019631877660751343e+03
3.020659178733825684e+03
3.021680251121520996e+03
3.022712526798248291e+03
3.023724740266799927e+03
3.024734245061874390e+03
3.025755537986755371e+03
3.026796302080154419e+03
3.027849141597747803e+03
3.028872084140777588e+03
3.029889153480529785e+03
3.030902651548385620e+03
3.031911578655242920e+03
3.032927251815795898e+03
3.033947194814682007e+03
3.034966990232467651e+03
3.035981190443038940e+03
3.036997476100921631e+03
3.038010935306549072e+03
3.039049878358840942e+03
3.040058985710144043e+03
3.041110500574111938e+03
3.042119791507720947e+03
3.043144063949584961e+03
3.044196046829223633e+03
3.045228471279144287e+03
3.046237750291824341e+03
3.047248925685882568e+03
3.048257948637008667e+03
3.049278799772262573e+03
3.050292275905609131e+03
3.051312940597534180e+03
3.052363656997680664e+03
3.053375538349151611e+03
3.054407655239105225e+03
3.055426432609558105e+03
3.056454115629196167e+03
3.057502086400985718e+03
3.058530188798904419e+03
3.059551975488662720e+03
3.060596564054489136e+03
3.061607671737670898e+03
3.062621684551239014e+03
3.063637478590011597e+03
3.064684294700622559e+03
3.065712343454360962e+03
3.066724567651748657e+03
3.067735321044921875e+03
3.068766764640808105e+03
3.069775244474411011e+03
3.070787759065628052e+03
3.071806941509246826e+03
3.072826068162918091e+03
3.073870249271392822e+03
3.074890226364135742e+03
3.075907975196838379e+03
3.076921647310256958e+03
3.077930444478988647e+03
3.078952965021133423e+03
3.079977791547775269e+03
3.080992983579635620e+03
3.082028448820114136e+03
3.083040689468383789e+03
3.084053093910217285e+03
3.085068541288375854e+03
3.086078896284103394e+03
3.087111125707626343e+03
3.088124215841293335e+03
3.089150304079055786e+03
3.090173703193664551e+03
3.091185899496078491e+03
3.092196914434432983e+03
3.093222219467163086e+03
3.094242154598236084e+03
3.095303482055664062e+03
3.096322183132171631e+03
3.097331302404403687e+03
3.098350950717926025e+03
3.099365597724914551e+03
3.100399913072586060e+03
3.101426882505416870e+03
3.102447847127914429e+03
3.103465462207794189e+03
3.104477255582809448e+03
3.105486692905426025e+03
3.106495808362960815e+03
3.107518806457519531e+03
3.108542202711105347e+03
3.109557516336441040e+03
3.110577897071838379e+03
3.111604053020477295e+03
3.112615280866622925e+03
3.113633614540100098e+03
3.114653696060180664e+03
3.115668893814086914e+03
3.116682133197784424e+03
3.117694362401962280e+03
3.118710872411727905e+03
3.119720571041107178e+03
3.120740240335464478e+03
3.121770688056945801e+03
3.122782504558563232e+03
3.123797348737716675e+03
3.124840280294418335e+03
3.125879257440567017e+03
3.126923246383666992e+03
3.127968687772750854e+03
3.128984670162200928e+03
3.130002636909484863e+03
3.131014262199401855e+03
3.132047669887542725e+03
3.133080015420913696e+03
3.134096642017364502e+03
3.135119412422180176e+03
3.136131488323211670e+03
3.137140868663787842e+03
3.138166494846343994e+03
3.139206907749176025e+03
3.140226048946380615e+03
3.141244796514511108e+03
3.142266546726226807e+03
3.143279989004135132e+03
3.144306214094161987e+03
3.145347369432449341e+03
3.146379014253616333e+03
3.147388943433761597e+03
3.148405771970748901e+03
3.149414774894714355e+03
3.150425714254379272e+03
3.151436207056045532e+03
3.152459594011306763e+03
3.153483142614364624e+03
3.154507209539413452e+03
3.155548134803771973e+03
3.156566927909851074e+03
3.157578399658203125e+03
3.158599794387817383e+03
3.159621338605880737e+03
3.160633812427520752e+03
3.161658542633056641e+03
3.162676725625991821e+03
3.163690726995468140e+03
3.164700015544891357e+03
3.165716920614242554e+03
3.166735569715499878e+03
3.167751513004302979e+03
3.168770928144454956e+03
3.169793125629425049e+03
3.170804411411285400e+03
3.171824169635772705e+03
3.172848457336425781e+03
3.173872967958450317e+03
3.174898992538452148e+03
3.175911417961120605e+03
3.176924649477005005e+03
3.177940472841262817e+03
3.178963875770568848e+03
3.179987979412078857e+03
3.180999377250671387e+03
3.182020395755767822e+03
3.183045727491378784e+03
3.184062399387359619e+03
3.185097025394439697e+03
3.186123675346374512e+03
3.187140182733535767e+03
3.188184597730636597e+03
3.189196189403533936e+03
3.190213814258575439e+03
3.191226465225219727e+03
3.192242291688919067e+03
3.193279700040817261e+03
3.194315426826477051e+03
3.195369952201843262e+03
3.196396345615386963e+03
3.197409727811813354e+03
3.198430714368820190e+03
3.199442320346832275e+03
3.200461843490600586e+03
3.201491296291351318e+03
3.202501650333404541e+03
3.203525597810745239e+03
3.204537924051284790e+03
3.205549168109893799e+03
3.206563621759414673e+03
3.207573490619659424e+03
3.208609916925430298e+03
3.209622141361236572e+03
3.210642129898071289e+03
3.211663401365280151e+03
3.212679306030273438e+03
3.213697358846664429e+03
3.214728997707366943e+03
3.215757789850234985e+03
3.216774274826049805e+03
3.217788977622985840e+03
3.218826006889343262e+03
3.219846997261047363e+03
3.220862068176269531e+03
3.221876929044723511e+03
3.222892245531082153e+03
3.223954038143157959e+03
3.224999123811721802e+03
3.226009597539901733e+03
3.227043983697891235e+03
3.228052630901336670e+03
3.229072689771652222e+03
3.230096947193145752e+03
3.231111368417739868e+03
3.232148429155349731e+03
3.233168394088745117e+03
3.234186135530471802e+03
3.235210047483444214e+03
3.236222184419631958e+03
3.237240208625793457e+03
3.238268046140670776e+03
3.239280160188674927e+03
3.240292816638946533e+03
3.241313818216323853e+03
3.242328400611877441e+03
3.243347233772277832e+03
3.244359409570693970e+03
3.245383248805999756e+03
3.246396764993667603e+03
3.247417021751403809e+03
3.248441173315048218e+03
3.249453689098358154e+03
3.250467710018157959e+03
3.251483393430709839e+03
3.252504874944686890e+03
3.253517226696014404e+03
3.254547749757766724e+03
3.255560697317123413e+03
3.256605225324630737e+03
3.257637623548507690e+03
3.258656455039978027e+03
3.259670776844024658e+03
3.260681656122207642e+03
3.261697909116744995e+03
3.262713318109512329e+03
3.263734213352203369e+03
3.264764805793762207e+03
3.265778806447982788e+03
3.266802480936050415e+03
3.267837008953094482e+03
3.268900975704193115e+03
3.269957032203674316e+03
3.270965752840042114e+03
3.271993577480316162e+03
3.273019447326660156e+03
3.274040492057800293e+03
3.275059349775314331e+03
3.276069545984268188e+03
3.277092581748962402e+03
3.278109327554702759e+03
3.279123030424118042e+03
3.280137645006179810e+03
3.281149621486663818e+03
3.282161468029022217e+03
3.283182676076889038e+03
3.284201808929443359e+03
3.285229104042053223e+03
3.286248871088027954e+03
3.287262960910797119e+03
3.288290102481842041e+03
3.289301228284835815e+03
3.290332989454269409e+03
3.291357134103775024e+03
3.292386408090591431e+03
3.293422305822372437e+03
3.294442725181579590e+03
3.295462948560714722e+03
3.296475289583206177e+03
3.297485399484634399e+03
3.298497466564178467e+03
3.299516502380371094e+03
3.300535859584808350e+03
3.301565284013748169e+03
3.302580651521682739e+03
3.303605637788772583e+03
3.304621598005294800e+03
3.305642827987670898e+03
3.306655588865280151e+03
3.307673146724700928e+03
3.308688879489898682e+03
3.309706646203994751e+03
3.310722163915634155e+03
3.311753305912017822e+03
3.312765251636505127e+03
3.313778547525405884e+03
3.314791292905807495e+03
3.315803405523300171e+03
3.316835561990737915e+03
3.317858180046081543e+03
3.318876080513000488e+03
3.319896204233169556e+03
3.320908205747604370e+03
3.321926218032836914e+03
3.322961000442504883e+03
3.323978740692138672e+03
3.325008277654647827e+03
3.326020422697067261e+03
3.327061162233352661e+03
3.328080899953842163e+03
3.329102754831314087e+03
3.330172180414199829e+03
3.331194760560989380e+03
3.332212763547897339e+03
3.333227108955383301e+03
3.334237211704254150e+03
3.335261546850204468e+03
3.336291740179061890e+03
3.337310547828674316e+03
3.338351471900939941e+03
3.339367674589157104e+03
3.340390757322311401e+03
3.341414001464843750e+03
3.342426742792129517e+03
3.343442782640457153e+03
3.344473259210586548e+03
3.345503802299499512e+03
3.346525009155273438e+03
3.347552195310592651e+03
3.348588360786437988e+03
3.349600188732147217e+03
3.350615761995315552e+03
3.351633548259735107e+03
3.352646469354629517e+03
3.353659348011016846e+03
3.354672635555267334e+03
3.355687590360641479e+03
3.356714685916900635e+03
3.357727739095687866e+03
3.358747075557708740e+03
3.359764718770980835e+03
3.360793841361999512e+03
3.361828848838806152e+03
3.362840039491653442e+03
3.363862688064575195e+03
3.364877165555953979e+03
3.365898050785064697e+03
3.366935630083084106e+03
3.367948285341262817e+03
3.368964744567871094e+03
3.369980886936187744e+03
3.370992187738418579e+03
3.372038923978805542e+03
3.373051450490951538e+03
3.374073357343673706e+03
3.375090267181396484e+03
3.376101441621780396e+03
3.377120348691940308e+03
3.378141494989395142e+03
3.379150038480758667e+03
3.380164926528930664e+03
3.381181753396987915e+03
3.382200065612792969e+03
3.383229953289031982e+03
3.384257807016372681e+03
3.385286583900451660e+03
3.386328857660293579e+03
3.387379589080810547e+03
3.388436515569686890e+03
3.389456259012222290e+03
3.390497296094894409e+03
3.391516188144683838e+03
3.392530148983001709e+03
3.393543579339981079e+03
3.394580705642700195e+03
3.395597468137741089e+03
3.396645733833312988e+03
3.397679908514022827e+03
3.398698332309722900e+03
3.399731648206710815e+03
3.400752542734146118e+03
3.401766916275024414e+03
3.402781823396682739e+03
3.403798318624496460e+03
3.404824397087097168e+03
3.405842209100723267e+03
3.406878882884979248e+03
3.407901127576828003e+03
3.408918050050735474e+03
3.409929360866546631e+03
3.410949839591979980e+03
3.411976426601409912e+03
3.413004024028778076e+03
3.414024538516998291e+03
3.415041955709457397e+03
3.416053550243377686e+03
3.417076141834259033e+03
3.418095168113708496e+03
3.419115893602371216e+03
3.420133472919464111e+03
3.421144903421401978e+03
3.422174212932586670e+03
3.423198095321655273e+03
3.424215349197387695e+03
3.425230157375335693e+03
3.426242252349853516e+03
3.427261691570281982e+03
3.428276532411575317e+03
3.429296424150466919e+03
3.430315670490264893e+03
3.431327278614044189e+03
3.432340200662612915e+03
3.433373284339904785e+03
3.434384438514709473e+03
3.435399450540542603e+03
3.436411636352539062e+03
3.437429550647735596e+03
3.438447620391845703e+03
3.439457596540451050e+03
3.440469078779220581e+03
3.441501617670059204e+03
3.442517938137054443e+03
3.443542008876800537e+03
3.444554765462875366e+03
3.445564421653747559e+03
3.446588316202163696e+03
3.447611487865447998e+03
3.448649030685424805e+03
3.449663948297500610e+03
3.450715018033981323e+03
3.451736496925354004e+03
3.452793919801712036e+03
3.453839598655700684e+03
3.454865530014038086e+03
3.455913698911666870e+03
3.456931967258453369e+03
3.457974709033966064e+03
3.459014242887496948e+03
3.460045339345932007e+03
3.461067247390747070e+03
3.462079087972640991e+03
3.463099598884582520e+03
3.464117991685867310e+03
3.465131472587585449e+03
3.466149709224700928e+03
3.467162480592727661e+03
3.468188141822814941e+03
3.469198959827423096e+03
3.470221668004989624e+03
3.471247873544692993e+03
3.472260679006576538e+03
3.473289698600769043e+03
3.474310526847839355e+03
3.475326530456542969e+03
3.476371677398681641e+03
3.477418834447860718e+03
3.478438329458236694e+03
3.479458280801773071e+03
3.480470022916793823e+03
3.481485081195831299e+03
3.482504118680953979e+03
3.483515808343887329e+03
3.484547090530395508e+03
3.485559271097183228e+03
3.486573478937149048e+03
3.487588242292404175e+03
3.488608061313629150e+03
3.489629309892654419e+03
3.490641480207443237e+03
3.491658874750137329e+03
3.492682141304016113e+03
3.493702785491943359e+03
3.494731473207473755e+03
3.495745579957962036e+03
3.496767030954360962e+03
3.497780229091644287e+03
3.498805179834365845e+03
3.499825204372406006e+03
3.500855804681777954e+03
3.501882403373718262e+03
3.502910087585449219e+03
3.503924038648605347e+03
3.504943824768066406e+03
3.505961146831512451e+03
3.506979253768920898e+03
3.508036726713180542e+03
3.509075239419937134e+03
3.510121205091476440e+03
3.511157541990280151e+03
3.512176784992218018e+03
3.513198547124862671e+03
3.514209635734558105e+03
3.515224964618682861e+03
3.516250733137130737e+03
3.517269163131713867e+03
3.518284615278244019e+03
3.519296037435531616e+03
3.520310605764389038e+03
3.521320692539215088e+03
3.522332441568374634e+03
3.523351331233978271e+03
3.524365135908126831e+03
3.525382278680801392e+03
3.526408638954162598e+03
