1.209855079650878906e-02
7.432699203491210938e-03
4.611015319824218750e-03
9.499311447143554688e-03
4.645347595214843750e-03
1.503229141235351562e-02
4.747152328491210938e-03
8.777141571044921875e-03
7.895946502685546875e-03
4.725933074951171875e-03
6.639957427978515625e-03
4.635572433471679688e-03
1.202726364135742188e-02
7.860660552978515625e-03
4.814386367797851562e-03
5.391597747802734375e-03
4.594564437866210938e-03
4.640126228332519531e-02
4.835605621337890625e-03
5.668163299560546875e-03
1.990556716918945312e-02
4.701137542724609375e-03
1.362752914428710938e-02
4.567623138427734375e-03
1.204657554626464844e-02
7.563829421997070312e-03
7.425785064697265625e-03
2.722692489624023438e-02
2.396249771118164062e-02
2.621436119079589844e-02
4.814624786376953125e-03
4.644632339477539062e-03
1.556181907653808594e-02
4.557132720947265625e-03
5.735635757446289062e-03
4.328489303588867188e-03
1.584124565124511719e-02
2.679538726806640625e-02
4.630327224731445312e-03
2.753877639770507812e-02
4.306793212890625000e-03
2.258205413818359375e-02
9.931325912475585938e-03
4.177570343017578125e-03
1.508688926696777344e-02
5.693912506103515625e-03
6.281137466430664062e-03
9.785890579223632812e-03
4.302263259887695312e-03
7.288455963134765625e-03
4.657745361328125000e-03
1.034235954284667969e-02
1.100826263427734375e-02
5.010128021240234375e-03
2.360558509826660156e-02
4.572868347167968750e-03
1.441740989685058594e-02
3.474593162536621094e-02
4.801988601684570312e-03
1.020312309265136719e-02
5.151033401489257812e-03
5.313396453857421875e-03
1.698422431945800781e-02
4.676818847656250000e-03
1.636815071105957031e-02
5.171060562133789062e-03
2.942347526550292969e-02
1.532602310180664062e-02
4.864215850830078125e-03
2.273774147033691406e-02
6.045341491699218750e-03
1.614427566528320312e-02
5.700588226318359375e-03
5.127429962158203125e-03
1.898932456970214844e-02
6.108283996582031250e-03
1.868009567260742188e-02
5.578041076660156250e-03
4.681587219238281250e-03
1.442646980285644531e-02
8.219242095947265625e-03
1.037812232971191406e-02
1.082372665405273438e-02
5.146265029907226562e-03
5.466222763061523438e-03
7.679939270019531250e-03
2.539587020874023438e-02
2.983999252319335938e-02
4.664182662963867188e-03
5.232810974121093750e-03
4.560232162475585938e-03
4.290580749511718750e-03
1.889252662658691406e-02
4.341840744018554688e-03
1.013541221618652344e-02
7.927417755126953125e-03
4.798412322998046875e-03
7.243633270263671875e-03
4.752874374389648438e-03
9.865999221801757812e-03
8.078098297119140625e-03
4.886388778686523438e-03
4.770755767822265625e-03
1.557993888854980469e-02
4.543542861938476562e-03
8.908748626708984375e-03
4.604339599609375000e-03
1.534581184387207031e-02
6.653308868408203125e-03
4.720926284790039062e-03
2.414369583129882812e-02
4.544973373413085938e-03
1.491713523864746094e-02
1.317858695983886719e-02
4.737854003906250000e-03
9.355545043945312500e-03
6.077527999877929688e-03
6.078481674194335938e-03
1.294255256652832031e-02
4.721403121948242188e-03
6.084918975830078125e-03
7.045507431030273438e-03
1.019620895385742188e-02
1.498532295227050781e-02
4.752874374389648438e-03
1.476502418518066406e-02
1.370692253112792969e-02
4.453182220458984375e-03
1.564931869506835938e-02
7.477521896362304688e-03
4.711627960205078125e-03
2.007842063903808594e-02
4.543542861938476562e-03
1.515841484069824219e-02
7.221460342407226562e-03
4.673957824707031250e-03
1.136350631713867188e-02
4.546403884887695312e-03
2.742767333984375000e-02
7.325649261474609375e-03
1.692771911621093750e-02
8.436203002929687500e-03
5.066394805908203125e-03
1.568722724914550781e-02
8.458137512207031250e-03
3.008460998535156250e-02
8.211374282836914062e-03
8.211612701416015625e-03
2.183508872985839844e-02
5.109548568725585938e-03
2.091598510742187500e-02
4.660129547119140625e-03
1.865410804748535156e-02
1.606535911560058594e-02
4.416465759277343750e-03
1.732468605041503906e-02
7.135868072509765625e-03
4.218530654907226562e-02
8.916854858398437500e-03
5.182504653930664062e-03
5.734682083129882812e-03
4.653453826904296875e-03
1.279473304748535156e-02
8.206605911254882812e-03
4.841804504394531250e-03
1.521682739257812500e-02
4.826068878173828125e-03
7.847547531127929688e-03
7.515668869018554688e-03
2.290248870849609375e-02
1.686239242553710938e-02
4.471778869628906250e-03
8.227825164794921875e-03
5.892038345336914062e-03
2.984714508056640625e-02
9.046316146850585938e-03
4.653692245483398438e-03
7.714271545410156250e-03
4.543542861938476562e-03
2.278995513916015625e-02
7.814884185791015625e-03
4.670381546020507812e-03
1.757192611694335938e-02
8.117675781250000000e-03
4.692554473876953125e-03
1.245474815368652344e-02
4.567146301269531250e-03
1.078057289123535156e-02
7.953882217407226562e-03
4.664659500122070312e-03
9.222984313964843750e-03
4.757881164550781250e-03
2.830045223236083984e-01
4.427909851074218750e-03
1.582169532775878906e-02
7.293224334716796875e-03
1.815724372863769531e-02
1.517891883850097656e-02
4.597902297973632812e-03
1.484727859497070312e-02
6.176948547363281250e-03
2.631425857543945312e-02
8.396625518798828125e-03
3.419804573059082031e-02
2.827692031860351562e-02
4.649162292480468750e-03
4.622745513916015625e-02
6.222248077392578125e-03
8.036851882934570312e-03
1.250886917114257812e-02
4.870176315307617188e-03
2.245306968688964844e-02
4.482507705688476562e-03
4.653930664062500000e-03
9.716272354125976562e-03
4.621505737304687500e-03
2.016925811767578125e-02
4.425525665283203125e-03
1.380443572998046875e-02
2.223610877990722656e-02
4.809617996215820312e-03
7.123947143554687500e-03
4.611968994140625000e-03
5.933046340942382812e-03
2.530241012573242188e-02
4.847288131713867188e-03
1.532626152038574219e-02
4.792690277099609375e-03
1.512241363525390625e-02
8.124351501464843750e-03
1.072287559509277344e-02
9.526014328002929688e-03
4.975795745849609375e-03
2.517700195312500000e-02
1.207876205444335938e-02
4.635334014892578125e-03
8.013010025024414062e-03
4.604578018188476562e-03
2.032732963562011719e-02
2.231740951538085938e-02
4.762887954711914062e-03
1.343464851379394531e-02
5.953788757324218750e-03
5.431652069091796875e-03
8.393526077270507812e-03
4.432439804077148438e-03
3.531026840209960938e-02
4.383563995361328125e-03
6.855249404907226562e-03
1.080536842346191406e-02
4.286050796508789062e-03
7.994413375854492188e-03
7.716417312622070312e-03
5.292654037475585938e-03
1.143407821655273438e-02
4.676342010498046875e-03
8.558034896850585938e-03
7.571458816528320312e-03
3.049087524414062500e-02
8.100986480712890625e-03
7.757902145385742188e-03
3.058171272277832031e-02
3.357076644897460938e-02
4.814386367797851562e-03
1.202487945556640625e-02
4.933834075927734375e-03
4.690647125244140625e-03
7.840156555175781250e-03
4.740953445434570312e-03
1.163125038146972656e-02
7.351636886596679688e-03
4.961729049682617188e-03
3.518438339233398438e-02
4.782676696777343750e-03
8.158922195434570312e-03
3.306818008422851562e-02
4.796743392944335938e-03
1.239657402038574219e-02
4.562377929687500000e-03
1.723313331604003906e-02
1.629376411437988281e-02
4.558563232421875000e-03
1.607251167297363281e-02
7.467508316040039062e-03
5.117654800415039062e-03
7.533311843872070312e-03
4.886388778686523438e-03
9.735345840454101562e-03
1.048517227172851562e-02
4.587173461914062500e-03
1.497793197631835938e-02
4.632949829101562500e-03
2.219605445861816406e-02
7.406711578369140625e-03
5.533218383789062500e-03
5.104541778564453125e-03
4.417181015014648438e-03
6.944417953491210938e-03
7.513761520385742188e-03
4.550457000732421875e-03
1.739764213562011719e-02
4.393339157104492188e-03
1.511073112487792969e-02
7.097482681274414062e-03
4.573822021484375000e-03
1.006674766540527344e-02
4.281759262084960938e-03
1.459169387817382812e-02
6.032228469848632812e-03
1.025032997131347656e-02
1.678609848022460938e-02
4.510641098022460938e-03
1.206779479980468750e-02
4.550695419311523438e-03
1.559996604919433594e-02
7.188081741333007812e-03
4.727602005004882812e-03
4.695463180541992188e-02
4.739999771118164062e-03
4.502677917480468750e-02
2.943158149719238281e-02
2.325105667114257812e-02
1.385450363159179688e-02
4.852533340454101562e-03
1.979160308837890625e-02
7.773637771606445312e-03
1.135063171386718750e-02
1.324129104614257812e-02
4.467725753784179688e-03
9.953737258911132812e-03
4.590749740600585938e-03
5.508422851562500000e-03
7.283926010131835938e-03
4.658222198486328125e-03
4.968166351318359375e-03
4.657506942749023438e-03
5.774021148681640625e-03
5.795717239379882812e-03
1.654744148254394531e-02
1.653170585632324219e-02
5.104303359985351562e-03
6.888151168823242188e-03
4.414081573486328125e-03
2.104711532592773438e-02
7.369041442871093750e-03
4.307746887207031250e-03
9.808778762817382812e-03
5.731344223022460938e-03
1.519131660461425781e-02
1.577353477478027344e-02
4.516839981079101562e-03
1.093339920043945312e-02
8.084297180175781250e-03
4.611730575561523438e-03
1.569819450378417969e-02
4.837751388549804688e-03
6.800889968872070312e-03
7.318258285522460938e-03
5.851984024047851562e-03
2.371215820312500000e-02
4.638433456420898438e-03
7.019042968750000000e-03
7.652282714843750000e-03
6.616353988647460938e-03
1.169848442077636719e-02
4.719495773315429688e-03
1.329541206359863281e-02
7.638454437255859375e-03
4.971265792846679688e-03
1.086068153381347656e-02
4.687070846557617188e-03
7.794141769409179688e-03
7.226705551147460938e-03
4.632234573364257812e-03
1.426434516906738281e-02
4.721641540527343750e-03
1.268029212951660156e-02
7.570028305053710938e-03
1.575946807861328125e-02
1.508212089538574219e-02
4.622459411621093750e-03
1.090431213378906250e-02
4.776000976562500000e-03
1.648592948913574219e-02
5.309820175170898438e-03
4.803419113159179688e-03
1.674032211303710938e-02
4.570484161376953125e-03
1.813840866088867188e-02
1.319432258605957031e-02
4.581928253173828125e-03
1.501178741455078125e-02
7.638216018676757812e-03
5.338907241821289062e-03
1.362538337707519531e-02
4.751920700073242188e-03
1.671743392944335938e-02
7.323026657104492188e-03
9.760856628417968750e-03
7.153511047363281250e-03
4.590988159179687500e-03
1.445746421813964844e-02
8.012533187866210938e-03
4.851102828979492188e-03
1.736307144165039062e-02
4.883050918579101562e-03
2.142429351806640625e-02
8.311510086059570312e-03
4.860401153564453125e-03
3.954219818115234375e-02
4.720449447631835938e-03
6.192445755004882812e-03
4.261970520019531250e-03
7.723569869995117188e-03
7.283449172973632812e-03
4.791021347045898438e-03
5.249023437500000000e-03
4.683256149291992188e-03
2.228522300720214844e-02
4.742622375488281250e-03
7.180929183959960938e-03
8.136987686157226562e-03
4.646539688110351562e-03
7.687807083129882812e-03
4.537105560302734375e-03
8.033990859985351562e-03
4.654645919799804688e-03
1.179313659667968750e-02
1.931476593017578125e-02
4.665374755859375000e-03
1.707267761230468750e-02
4.610538482666015625e-03
7.934570312500000000e-03
7.824420928955078125e-03
1.672267913818359375e-02
3.511834144592285156e-02
2.277040481567382812e-02
1.819562911987304688e-02
8.336067199707031250e-03
7.301092147827148438e-03
1.276612281799316406e-02
4.684448242187500000e-03
1.530361175537109375e-02
7.649183273315429688e-03
2.427959442138671875e-02
1.454949378967285156e-02
4.517793655395507812e-03
7.638216018676757812e-03
4.691123962402343750e-03
1.166677474975585938e-02
1.764655113220214844e-02
4.508018493652343750e-03
5.512475967407226562e-03
4.374265670776367188e-03
1.224303245544433594e-02
1.037526130676269531e-02
4.519224166870117188e-03
1.447224617004394531e-02
4.873275756835937500e-03
2.093338966369628906e-02
7.329702377319335938e-03
4.552125930786132812e-03
1.532292366027832031e-02
4.608392715454101562e-03
1.485896110534667969e-02
6.958961486816406250e-03
1.586437225341796875e-02
1.333761215209960938e-02
4.395723342895507812e-03
5.388498306274414062e-03
7.231712341308593750e-03
4.402637481689453125e-03
2.354335784912109375e-02
4.432201385498046875e-03
6.129503250122070312e-03
7.236242294311523438e-03
4.462480545043945312e-03
5.475997924804687500e-03
4.455804824829101562e-03
1.167488098144531250e-02
6.628036499023437500e-03
4.579544067382812500e-03
1.290869712829589844e-02
4.368543624877929688e-03
7.975339889526367188e-03
6.579875946044921875e-03
4.348516464233398438e-03
1.850318908691406250e-02
4.363536834716796875e-03
5.416393280029296875e-03
1.078772544860839844e-02
4.581212997436523438e-03
1.058673858642578125e-02
4.319906234741210938e-03
2.592921257019042969e-02
1.654505729675292969e-02
2.842926979064941406e-02
1.883864402770996094e-02
4.566669464111328125e-03
2.047944068908691406e-02
1.677298545837402344e-02
4.685163497924804688e-03
6.904363632202148438e-03
7.360219955444335938e-03
4.714012145996093750e-03
1.889753341674804688e-02
4.587411880493164062e-03
2.264857292175292969e-02
5.905151367187500000e-03
6.519556045532226562e-03
1.790904998779296875e-02
4.604578018188476562e-03
1.251053810119628906e-02
2.659273147583007812e-02
4.704475402832031250e-03
1.040577888488769531e-02
4.799842834472656250e-03
6.583929061889648438e-03
7.204532623291015625e-03
4.484415054321289062e-03
1.790833473205566406e-02
4.548549652099609375e-03
6.008148193359375000e-03
5.670070648193359375e-03
2.572774887084960938e-02
9.322404861450195312e-03
4.237174987792968750e-03
1.016688346862792969e-02
4.467010498046875000e-03
1.012253761291503906e-02
1.000547409057617188e-02
4.616260528564453125e-03
2.369070053100585938e-02
4.317045211791992188e-03
1.146841049194335938e-02
2.914023399353027344e-02
4.715204238891601562e-03
6.889820098876953125e-03
5.667209625244140625e-03
6.027698516845703125e-03
8.774280548095703125e-03
4.598855972290039062e-03
1.631045341491699219e-02
4.218816757202148438e-03
1.710271835327148438e-02
7.801532745361328125e-03
4.553079605102539062e-03
2.107048034667968750e-02
1.287722587585449219e-02
4.553079605102539062e-03
1.262545585632324219e-02
6.921768188476562500e-03
1.805973052978515625e-02
1.037883758544921875e-02
4.637718200683593750e-03
2.802777290344238281e-02
6.001472473144531250e-03
1.233530044555664062e-02
1.679062843322753906e-02
4.614591598510742188e-03
1.313066482543945312e-02
5.865573883056640625e-03
1.749110221862792969e-02
6.169319152832031250e-03
4.522085189819335938e-03
2.634358406066894531e-02
1.943349838256835938e-02
4.772186279296875000e-03
1.236319541931152344e-02
8.301973342895507812e-03
4.855394363403320312e-03
1.793551445007324219e-02
4.646301269531250000e-03
2.392029762268066406e-02
2.100539207458496094e-02
4.773378372192382812e-03
1.412487030029296875e-02
4.518270492553710938e-03
2.288150787353515625e-02
2.303290367126464844e-02
4.474878311157226562e-03
6.089687347412109375e-03
4.310369491577148438e-03
1.314091682434082031e-02
1.285028457641601562e-02
4.062175750732421875e-03
9.551048278808593750e-03
6.979465484619140625e-03
4.519462585449218750e-03
6.413698196411132812e-03
4.587173461914062500e-03
9.944915771484375000e-03
5.864381790161132812e-03
1.126360893249511719e-02
1.634263992309570312e-02
4.752874374389648438e-03
1.444029808044433594e-02
4.469871520996093750e-03
1.543927192687988281e-02
1.398563385009765625e-02
4.647731781005859375e-03
1.865291595458984375e-02
5.824089050292968750e-03
1.259851455688476562e-02
7.236719131469726562e-03
4.831790924072265625e-03
2.207732200622558594e-02
4.696130752563476562e-03
9.282588958740234375e-03
5.988121032714843750e-03
8.117914199829101562e-03
1.215744018554687500e-02
2.090191841125488281e-02
2.850055694580078125e-02
7.445335388183593750e-03
1.578640937805175781e-02
1.129984855651855469e-02
4.529714584350585938e-03
3.014588356018066406e-02
1.993370056152343750e-02
4.611968994140625000e-03
5.018472671508789062e-03
4.651069641113281250e-03
1.800560951232910156e-02
7.449865341186523438e-03
4.588365554809570312e-03
6.303787231445312500e-03
5.907535552978515625e-03
1.416873931884765625e-02
1.027703285217285156e-02
4.529237747192382812e-03
7.274150848388671875e-03
7.506608963012695312e-03
2.334094047546386719e-02
1.078891754150390625e-02
4.406213760375976562e-03
7.364749908447265625e-03
4.154920578002929688e-03
1.115274429321289062e-02
6.098508834838867188e-03
4.382371902465820312e-03
1.602959632873535156e-02
4.548549652099609375e-03
6.422996520996093750e-03
2.752685546875000000e-02
4.431962966918945312e-03
6.591796875000000000e-03
4.755020141601562500e-03
1.543045043945312500e-02
2.812170982360839844e-02
4.540920257568359375e-03
1.072049140930175781e-02
5.845308303833007812e-03
4.570007324218750000e-03
6.143093109130859375e-03
4.559278488159179688e-03
1.538062095642089844e-02
4.359006881713867188e-03
7.113933563232421875e-03
1.111865043640136719e-02
4.676818847656250000e-03
1.111197471618652344e-02
7.199048995971679688e-03
4.664182662963867188e-03
1.081562042236328125e-02
4.573822021484375000e-03
1.959204673767089844e-02
7.409572601318359375e-03
4.723072052001953125e-03
1.116895675659179688e-02
4.480838775634765625e-03
7.883548736572265625e-03
1.988625526428222656e-02
4.540443420410156250e-03
1.278972625732421875e-02
5.804061889648437500e-03
4.839897155761718750e-03
1.045608520507812500e-02
4.935026168823242188e-03
5.359649658203125000e-03
8.337020874023437500e-03
8.457183837890625000e-03
9.128570556640625000e-03
4.772663116455078125e-03
2.405118942260742188e-02
4.912137985229492188e-03
1.084208488464355469e-02
7.915973663330078125e-03
4.800558090209960938e-03
1.238465309143066406e-02
4.847526550292968750e-03
1.851034164428710938e-02
4.815340042114257812e-03
2.100253105163574219e-02
6.933689117431640625e-03
4.759788513183593750e-03
1.348352432250976562e-02
4.456520080566406250e-03
1.978349685668945312e-02
7.953405380249023438e-03
1.733827590942382812e-02
1.996135711669921875e-02
4.842281341552734375e-03
2.589201927185058594e-02
7.307291030883789062e-03
1.791548728942871094e-02
7.247209548950195312e-03
4.699945449829101562e-03
1.402640342712402344e-02
4.649162292480468750e-03
1.893782615661621094e-02
7.830142974853515625e-03
1.353216171264648438e-02
1.171350479125976562e-02
4.704236984252929688e-03
5.406618118286132812e-03
2.049803733825683594e-02
4.585742950439453125e-03
1.098489761352539062e-02
5.754470825195312500e-03
4.862308502197265625e-03
1.157855987548828125e-02
4.611968994140625000e-03
2.130937576293945312e-02
8.394241333007812500e-03
4.611730575561523438e-03
1.428031921386718750e-02
4.495620727539062500e-03
1.579213142395019531e-02
2.368712425231933594e-02
2.612924575805664062e-02
7.510423660278320312e-03
4.708528518676757812e-03
2.156138420104980469e-02
5.869150161743164062e-03
2.236723899841308594e-02
1.546049118041992188e-02
4.413843154907226562e-03
3.555536270141601562e-02
7.370471954345703125e-03
5.817413330078125000e-03
1.207518577575683594e-02
4.487752914428710938e-03
9.946584701538085938e-03
7.258176803588867188e-03
5.408525466918945312e-03
1.131081581115722656e-02
4.615783691406250000e-03
1.352405548095703125e-02
4.734754562377929688e-03
1.585268974304199219e-02
7.708072662353515625e-03
5.132675170898437500e-03
2.477574348449707031e-02
4.522323608398437500e-03
1.297020912170410156e-02
9.202241897583007812e-03
4.647731781005859375e-03
1.526021957397460938e-02
4.467964172363281250e-03
6.747484207153320312e-03
1.099276542663574219e-02
4.631042480468750000e-03
1.313948631286621094e-02
4.520177841186523438e-03
2.084088325500488281e-02
1.532626152038574219e-02
4.782438278198242188e-03
1.566338539123535156e-02
5.873203277587890625e-03
1.702189445495605469e-02
7.670402526855468750e-03
4.510641098022460938e-03
5.424499511718750000e-03
5.871057510375976562e-03
2.610611915588378906e-02
1.482367515563964844e-02
4.547834396362304688e-03
4.971027374267578125e-03
7.148027420043945312e-03
1.303672790527343750e-02
5.275487899780273438e-03
4.556179046630859375e-03
1.554512977600097656e-02
4.530429840087890625e-03
1.554489135742187500e-02
1.127386093139648438e-02
7.464647293090820312e-03
2.483367919921875000e-02
8.178234100341796875e-03
1.684880256652832031e-02
2.319312095642089844e-02
5.242586135864257812e-03
1.336169242858886719e-02
7.172584533691406250e-03
4.491090774536132812e-03
1.035022735595703125e-02
4.680633544921875000e-03
1.088094711303710938e-02
5.934953689575195312e-03
7.975816726684570312e-03
1.732826232910156250e-02
4.762411117553710938e-03
5.275249481201171875e-03
7.411003112792968750e-03
4.423379898071289062e-03
5.239963531494140625e-03
4.720926284790039062e-03
1.259446144104003906e-02
7.282733917236328125e-03
2.025914192199707031e-02
1.709151268005371094e-02
2.204298973083496094e-02
4.442644119262695312e-02
4.771709442138671875e-03
4.677534103393554688e-03
1.167106628417968750e-02
4.252433776855468750e-03
1.564621925354003906e-02
7.221221923828125000e-03
4.924535751342773438e-03
1.650381088256835938e-02
4.734516143798828125e-03
2.876830101013183594e-02
1.737570762634277344e-02
4.849672317504882812e-03
1.662468910217285156e-02
7.856607437133789062e-03
7.604360580444335938e-03
1.845240592956542969e-02
4.461050033569335938e-03
2.571630477905273438e-02
5.697727203369140625e-03
1.542305946350097656e-02
1.516890525817871094e-02
4.710435867309570312e-03
1.140117645263671875e-02
7.390975952148437500e-03
1.020312309265136719e-02
8.582115173339843750e-03
4.708290100097656250e-03
1.761770248413085938e-02
5.766868591308593750e-03
1.219844818115234375e-02
1.628136634826660156e-02
4.645824432373046875e-03
9.460282325744628906e-01
7.854938507080078125e-03
3.763031959533691406e-02
8.682012557983398438e-03
2.692580223083496094e-02
1.446318626403808594e-02
4.615068435668945312e-03
1.604986190795898438e-02
2.698159217834472656e-02
4.495859146118164062e-03
9.156942367553710938e-03
5.832910537719726562e-03
1.943254470825195312e-02
7.155179977416992188e-03
4.546165466308593750e-03
5.642890930175781250e-03
4.225969314575195312e-03
9.629249572753906250e-03
2.042269706726074219e-02
4.444837570190429688e-03
1.242661476135253906e-02
5.847692489624023438e-03
1.227593421936035156e-02
7.377386093139648438e-03
4.675388336181640625e-03
1.053285598754882812e-02
4.671096801757812500e-03
5.326032638549804688e-03
7.943391799926757812e-03
4.611730575561523438e-03
1.086378097534179688e-02
4.386663436889648438e-03
1.430082321166992188e-02
7.298469543457031250e-03
4.682064056396484375e-03
1.227903366088867188e-02
4.630565643310546875e-03
1.470041275024414062e-02
6.005048751831054688e-03
9.525299072265625000e-03
7.378578186035156250e-03
4.649639129638671875e-03
1.171159744262695312e-02
7.435798645019531250e-03
4.729986190795898438e-03
1.643443107604980469e-02
4.506587982177734375e-03
1.592063903808593750e-02
1.533603668212890625e-02
4.623651504516601562e-03
8.210420608520507812e-03
4.687309265136718750e-03
3.374147415161132812e-02
1.821088790893554688e-02
4.618883132934570312e-03
1.591968536376953125e-02
6.061077117919921875e-03
1.589345932006835938e-02
2.639079093933105469e-02
1.928520202636718750e-02
9.502410888671875000e-03
4.499435424804687500e-03
1.524901390075683594e-02
3.770923614501953125e-02
4.316806793212890625e-03
1.278614997863769531e-02
5.887985229492187500e-03
1.648712158203125000e-02
1.650571823120117188e-02
4.507064819335937500e-03
1.049327850341796875e-02
4.335165023803710938e-03
1.552462577819824219e-02
6.424665451049804688e-03
4.528522491455078125e-03
1.280617713928222656e-02
5.915641784667968750e-03
1.570773124694824219e-02
8.787870407104492188e-03
4.698753356933593750e-03
1.418256759643554688e-02
6.009578704833984375e-03
1.619863510131835938e-02
1.213240623474121094e-02
4.706621170043945312e-03
9.040832519531250000e-03
7.401227951049804688e-03
4.599094390869140625e-03
1.760745048522949219e-02
4.698991775512695312e-03
1.149749755859375000e-02
7.374525070190429688e-03
4.708528518676757812e-03
2.190971374511718750e-02
4.535198211669921875e-03
1.123690605163574219e-02
7.803440093994140625e-03
4.599332809448242188e-03
1.176023483276367188e-02
4.464864730834960938e-03
1.191282272338867188e-02
1.832985877990722656e-02
4.619836807250976562e-03
5.769014358520507812e-03
7.186174392700195312e-03
4.626274108886718750e-03
4.976749420166015625e-03
4.389047622680664062e-03
8.812665939331054688e-03
7.281780242919921875e-03
9.580612182617187500e-03
2.403116226196289062e-02
4.934787750244140625e-03
3.974604606628417969e-02
4.697799682617187500e-03
1.494956016540527344e-02
7.607221603393554688e-03
4.676103591918945312e-03
9.155511856079101562e-03
4.420042037963867188e-03
2.726578712463378906e-02
1.299023628234863281e-02
4.448413848876953125e-03
7.303953170776367188e-03
5.630493164062500000e-03
4.863977432250976562e-03
8.978605270385742188e-03
4.228591918945312500e-03
1.038527488708496094e-02
7.313489913940429688e-03
4.881143569946289062e-03
2.165818214416503906e-02
4.387617111206054688e-03
1.263403892517089844e-02
7.909059524536132812e-03
4.914283752441406250e-03
1.447343826293945312e-02
4.366397857666015625e-03
2.870798110961914062e-02
7.431983947753906250e-03
4.634618759155273438e-03
7.678270339965820312e-03
4.533767700195312500e-03
5.652666091918945312e-03
6.505966186523437500e-03
2.401900291442871094e-02
7.775306701660156250e-03
4.899263381958007812e-03
5.978107452392578125e-03
4.805326461791992188e-03
5.695819854736328125e-03
4.465818405151367188e-03
2.195239067077636719e-02
1.083874702453613281e-02
4.768371582031250000e-03
5.107641220092773438e-02
4.563093185424804688e-03
1.312136650085449219e-02
8.193969726562500000e-03
4.856348037719726562e-03
9.330511093139648438e-03
4.821300506591796875e-03
1.695632934570312500e-02
7.387399673461914062e-03
2.443504333496093750e-02
2.606630325317382812e-02
4.659652709960937500e-03
2.640867233276367188e-02
4.568099975585937500e-03
9.684801101684570312e-03
1.451492309570312500e-02
4.633903503417968750e-03
6.095886230468750000e-03
4.622697830200195312e-03
1.906943321228027344e-02
1.747536659240722656e-02
2.173519134521484375e-02
1.918268203735351562e-02
4.377841949462890625e-03
1.554489135742187500e-02
7.376194000244140625e-03
4.365205764770507812e-03
1.602745056152343750e-02
5.766153335571289062e-03
5.054950714111328125e-03
1.010155677795410156e-02
4.515886306762695312e-03
1.668024063110351562e-02
5.779981613159179688e-03
5.852222442626953125e-03
1.394200325012207031e-02
4.396915435791015625e-03
6.161451339721679688e-03
4.385232925415039062e-03
1.611256599426269531e-02
1.594638824462890625e-02
4.602670669555664062e-03
1.702308654785156250e-02
5.656242370605468750e-03
1.040887832641601562e-02
1.872754096984863281e-02
4.453659057617187500e-03
1.110506057739257812e-02
4.392385482788085938e-03
6.094694137573242188e-03
1.280379295349121094e-02
4.660606384277343750e-03
1.578783988952636719e-02
4.259109497070312500e-03
1.498842239379882812e-02
1.049232482910156250e-02
4.728794097900390625e-03
1.737904548645019531e-02
2.364516258239746094e-02
4.660367965698242188e-03
4.943847656250000000e-03
4.442214965820312500e-03
1.743936538696289062e-02
7.286310195922851562e-03
4.779815673828125000e-03
1.204895973205566406e-02
4.718303680419921875e-03
7.637500762939453125e-03
7.646799087524414062e-03
4.481792449951171875e-03
8.119344711303710938e-03
4.542112350463867188e-03
9.827375411987304688e-03
7.339239120483398438e-03
1.855635643005371094e-02
5.748271942138671875e-03
4.417419433593750000e-03
1.589536666870117188e-02
7.307052612304687500e-03
1.869845390319824219e-02
1.196002960205078125e-02
4.329681396484375000e-03
1.043891906738281250e-02
2.358651161193847656e-02
4.543781280517578125e-03
7.200479507446289062e-03
7.207870483398437500e-03
4.793167114257812500e-03
1.512145996093750000e-02
4.231929779052734375e-03
1.477670669555664062e-02
5.792856216430664062e-03
9.499549865722656250e-03
1.165366172790527344e-02
4.279136657714843750e-03
2.356863021850585938e-02
7.322072982788085938e-03
5.934238433837890625e-03
2.971029281616210938e-02
4.294872283935546875e-03
1.298189163208007812e-02
7.107973098754882812e-03
4.915952682495117188e-03
8.704185485839843750e-03
4.450798034667968750e-03
2.299046516418457031e-02
2.380990982055664062e-02
4.591941833496093750e-03
1.119017601013183594e-02
4.375934600830078125e-03
1.546573638916015625e-02
1.295137405395507812e-02
4.893779754638671875e-03
1.128029823303222656e-02
4.435062408447265625e-03
6.815433502197265625e-03
1.380252838134765625e-02
4.696607589721679688e-03
1.961469650268554688e-02
4.464626312255859375e-03
1.065731048583984375e-02
7.525682449340820312e-03
4.758119583129882812e-03
1.390242576599121094e-02
4.510402679443359375e-03
1.615905761718750000e-02
1.705050468444824219e-02
4.790782928466796875e-03
2.202463150024414062e-02
5.780458450317382812e-03
1.669716835021972656e-02
1.823544502258300781e-02
4.626750946044921875e-03
7.417678833007812500e-03
4.344701766967773438e-03
1.521706581115722656e-02
5.864143371582031250e-03
2.447009086608886719e-02
1.771903038024902344e-02
1.469326019287109375e-02
3.660821914672851562e-02
2.692079544067382812e-02
4.890918731689453125e-03
2.256083488464355469e-02
4.495382308959960938e-03
5.893945693969726562e-03
7.365703582763671875e-03
4.455327987670898438e-03
1.512908935546875000e-02
4.455327987670898438e-03
4.938125610351562500e-03
7.243394851684570312e-03
6.059646606445312500e-03
1.704168319702148438e-02
4.349946975708007812e-03
1.110720634460449219e-02
7.172346115112304688e-03
4.673719406127929688e-03
3.255295753479003906e-02
4.705429077148437500e-03
1.218581199645996094e-02
7.141113281250000000e-03
4.607915878295898438e-03
5.472660064697265625e-03
4.908561706542968750e-03
1.521682739257812500e-02
7.370948791503906250e-03
1.259779930114746094e-02
2.019810676574707031e-02
4.702329635620117188e-03
1.690626144409179688e-02
4.321336746215820312e-03
1.669454574584960938e-02
6.836414337158203125e-03
4.329919815063476562e-03
7.035732269287109375e-03
7.059812545776367188e-03
4.443645477294921875e-03
1.189661026000976562e-02
4.448890686035156250e-03
6.310224533081054688e-03
7.123708724975585938e-03
4.572629928588867188e-03
1.729369163513183594e-02
4.281044006347656250e-03
1.294517517089843750e-02
1.491022109985351562e-02
4.423618316650390625e-03
1.291227340698242188e-02
4.325628280639648438e-03
1.535272598266601562e-02
6.196975708007812500e-03
4.183292388916015625e-03
1.701545715332031250e-02
4.236936569213867188e-03
4.343748092651367188e-02
4.596376419067382812e-02
2.388525009155273438e-02
5.845308303833007812e-03
4.336118698120117188e-03
4.352092742919921875e-03
1.899766921997070312e-02
4.472017288208007812e-03
1.277661323547363281e-02
1.006650924682617188e-02
4.391908645629882812e-03
1.654458045959472656e-02
4.483461380004882812e-03
6.997108459472656250e-03
4.773855209350585938e-03
4.452466964721679688e-03
1.018738746643066406e-02
7.404804229736328125e-03
6.280660629272460938e-03
9.091138839721679688e-03
4.276037216186523438e-03
2.366614341735839844e-02
1.841950416564941406e-02
4.716634750366210938e-03
8.736133575439453125e-03
4.300594329833984375e-03
4.552841186523437500e-03
4.873275756835937500e-03
4.476070404052734375e-03
1.524019241333007812e-02
7.594823837280273438e-03
4.523277282714843750e-03
2.315521240234375000e-02
4.475116729736328125e-03
2.371430397033691406e-02
1.111698150634765625e-02
4.623174667358398438e-03
1.844000816345214844e-02
4.299640655517578125e-03
9.305477142333984375e-03
3.946375846862792969e-02
4.264283180236816406e-02
6.765842437744140625e-03
2.549743652343750000e-02
4.410982131958007812e-03
1.382374763488769531e-02
4.363536834716796875e-03
2.004027366638183594e-02
1.973557472229003906e-02
4.508733749389648438e-03
5.486726760864257812e-03
4.295587539672851562e-03
9.961128234863281250e-03
1.333236694335937500e-02
4.461050033569335938e-03
2.305507659912109375e-02
4.287719726562500000e-03
5.565643310546875000e-03
1.486945152282714844e-02
7.197380065917968750e-03
2.082180976867675781e-02
7.037878036499023438e-03
8.735895156860351562e-03
6.966114044189453125e-03
4.059314727783203125e-03
1.329278945922851562e-02
6.789922714233398438e-03
4.389524459838867188e-03
4.951715469360351562e-03
4.170894622802734375e-03
1.378774642944335938e-02
9.898424148559570312e-03
4.284143447875976562e-03
6.563663482666015625e-03
6.655931472778320312e-03
4.249095916748046875e-03
2.360916137695312500e-02
3.989219665527343750e-03
1.269149780273437500e-02
9.101152420043945312e-03
7.260799407958984375e-03
2.918338775634765625e-02
7.110118865966796875e-03
1.295495033264160156e-02
2.131724357604980469e-02
4.283428192138671875e-03
8.357763290405273438e-03
7.422924041748046875e-03
4.482507705688476562e-03
7.562160491943359375e-03
4.124641418457031250e-03
6.319522857666015625e-03
1.807069778442382812e-02
4.222631454467773438e-03
7.274389266967773438e-03
4.131793975830078125e-03
1.270318031311035156e-02
1.525092124938964844e-02
4.427909851074218750e-03
1.561236381530761719e-02
6.818771362304687500e-03
4.227638244628906250e-03
1.095294952392578125e-02
4.294157028198242188e-03
1.149129867553710938e-02
6.994724273681640625e-03
4.372119903564453125e-03
1.426482200622558594e-02
4.166126251220703125e-03
1.316380500793457031e-02
3.010702133178710938e-02
4.430055618286132812e-03
8.625268936157226562e-03
7.123708724975585938e-03
4.304409027099609375e-03
5.249738693237304688e-03
4.380702972412109375e-03
1.846385002136230469e-02
5.839109420776367188e-03
4.451513290405273438e-03
8.141040802001953125e-03
4.246234893798828125e-03
4.372596740722656250e-03
1.148653030395507812e-02
4.370927810668945312e-03
5.084037780761718750e-03
7.209539413452148438e-03
4.461526870727539062e-03
8.147716522216796875e-03
4.049777984619140625e-03
6.510257720947265625e-03
2.126979827880859375e-02
4.261255264282226562e-03
1.502680778503417969e-02
4.581451416015625000e-03
4.296541213989257812e-03
1.512312889099121094e-02
4.099369049072265625e-03
9.675979614257812500e-03
6.048202514648437500e-03
4.208326339721679688e-03
5.514621734619140625e-03
7.236719131469726562e-03
4.880905151367187500e-03
5.921125411987304688e-03
4.288911819458007812e-03
1.597905158996582031e-02
7.738113403320312500e-03
4.260063171386718750e-03
5.723953247070312500e-03
4.330158233642578125e-03
4.305362701416015625e-03
1.001524925231933594e-02
4.261732101440429688e-03
1.285123825073242188e-02
7.704973220825195312e-03
4.527568817138671875e-03
5.614519119262695312e-03
4.497528076171875000e-03
4.723787307739257812e-03
7.678270339965820312e-03
4.414796829223632812e-03
9.684801101684570312e-03
7.486343383789062500e-03
4.690647125244140625e-03
2.616953849792480469e-02
4.599094390869140625e-03
2.055811882019042969e-02
7.726907730102539062e-03
4.388332366943359375e-03
6.072759628295898438e-03
4.357337951660156250e-03
1.258325576782226562e-02
2.634072303771972656e-02
4.267215728759765625e-03
1.106476783752441406e-02
4.316091537475585938e-03
2.506923675537109375e-02
1.772522926330566406e-02
1.928353309631347656e-02
4.992961883544921875e-03
4.543542861938476562e-03
4.575967788696289062e-03
9.756326675415039062e-03
7.730245590209960938e-03
1.005673408508300781e-02
9.514331817626953125e-03
4.561185836791992188e-03
1.557946205139160156e-02
7.741212844848632812e-03
4.489898681640625000e-03
7.560968399047851562e-03
4.345655441284179688e-03
5.875349044799804688e-03
1.827788352966308594e-02
4.367351531982421875e-03
1.158308982849121094e-02
7.183790206909179688e-03
2.320051193237304688e-02
3.234767913818359375e-02
7.258415222167968750e-03
1.570224761962890625e-02
5.638837814331054688e-03
4.043340682983398438e-03
1.222515106201171875e-02
4.225254058837890625e-03
4.263401031494140625e-03
7.188081741333007812e-03
4.210710525512695312e-03
5.508661270141601562e-03
1.090669631958007812e-02
4.379272460937500000e-03
5.115985870361328125e-03
4.335641860961914062e-03
4.721164703369140625e-03
5.700349807739257812e-03
4.279375076293945312e-03
1.514744758605957031e-02
7.250547409057617188e-03
4.396677017211914062e-03
1.169753074645996094e-02
4.221200942993164062e-03
1.271796226501464844e-02
7.496118545532226562e-03
4.429101943969726562e-03
1.230931282043457031e-02
5.172729492187500000e-03
1.947116851806640625e-02
7.497310638427734375e-03
4.424571990966796875e-03
1.770758628845214844e-02
4.366159439086914062e-03
8.030176162719726562e-03
8.137941360473632812e-03
4.625320434570312500e-03
1.382946968078613281e-02
7.994413375854492188e-03
3.479003906250000000e-02
3.390932083129882812e-02
4.486322402954101562e-03
9.268045425415039062e-03
1.180481910705566406e-02
4.274368286132812500e-03
9.668350219726562500e-03
4.179954528808593750e-03
7.259368896484375000e-03
2.714395523071289062e-02
4.535675048828125000e-03
7.091045379638671875e-03
4.304170608520507812e-03
4.379987716674804688e-03
2.012896537780761719e-02
4.586935043334960938e-03
1.800894737243652344e-02
6.446123123168945312e-03
4.356622695922851562e-03
5.627155303955078125e-03
4.284620285034179688e-03
9.664535522460937500e-03
1.018834114074707031e-02
4.277467727661132812e-03
1.888871192932128906e-02
1.156377792358398438e-02
4.342079162597656250e-03
1.043629646301269531e-02
6.877422332763671875e-03
4.415988922119140625e-03
1.494884490966796875e-02
4.328489303588867188e-03
1.033830642700195312e-02
5.919218063354492188e-03
4.368543624877929688e-03
3.213405609130859375e-02
7.310867309570312500e-03
4.188537597656250000e-03
7.376909255981445312e-03
4.200458526611328125e-03
2.148914337158203125e-02
6.606340408325195312e-03
4.294157028198242188e-03
5.086421966552734375e-03
4.552364349365234375e-03
1.749038696289062500e-02
8.914709091186523438e-03
4.223585128784179688e-03
1.099753379821777344e-02
4.004478454589843750e-03
1.550555229187011719e-02
8.196830749511718750e-03
4.248380661010742188e-03
1.489377021789550781e-02
1.431918144226074219e-02
4.215478897094726562e-03
1.356077194213867188e-02
4.251003265380859375e-03
6.718873977661132812e-03
1.433467864990234375e-02
4.416704177856445312e-03
1.093077659606933594e-02
4.266262054443359375e-03
4.461526870727539062e-03
1.214528083801269531e-02
4.790544509887695312e-03
1.669669151306152344e-02
1.849985122680664062e-02
4.538536071777343750e-03
7.433176040649414062e-03
4.385232925415039062e-03
6.055831909179687500e-03
9.705305099487304688e-03
4.514932632446289062e-03
1.547551155090332031e-02
7.687330245971679688e-03
4.558801651000976562e-03
6.081581115722656250e-03
4.481554031372070312e-03
2.217268943786621094e-02
4.276752471923828125e-03
4.472970962524414062e-03
1.068568229675292969e-02
4.285573959350585938e-03
6.069183349609375000e-03
4.288434982299804688e-03
1.511049270629882812e-02
1.009440422058105469e-02
4.056692123413085938e-03
6.833553314208984375e-03
4.313230514526367188e-03
9.369373321533203125e-03
1.137328147888183594e-02
4.627943038940429688e-03
9.826898574829101562e-03
4.129886627197265625e-03
1.781249046325683594e-02
1.486682891845703125e-02
4.199028015136718750e-03
1.230955123901367188e-02
6.802558898925781250e-03
4.361867904663085938e-03
1.164531707763671875e-02
4.514455795288085938e-03
1.641082763671875000e-02
7.075548171997070312e-03
5.639076232910156250e-03
1.543354988098144531e-02
4.518747329711914062e-03
7.472276687622070312e-03
7.442474365234375000e-03
4.237890243530273438e-03
7.735013961791992188e-03
4.765033721923828125e-03
1.504397392272949219e-02
1.303458213806152344e-02
7.507801055908203125e-03
3.689956665039062500e-02
7.076740264892578125e-03
7.622480392456054688e-03
1.036977767944335938e-02
4.459857940673828125e-03
1.615977287292480469e-02
4.247188568115234375e-03
2.465033531188964844e-02
5.894899368286132812e-03
4.347085952758789062e-03
5.362033843994140625e-03
6.671428680419921875e-03
4.603862762451171875e-03
2.282929420471191406e-02
4.216194152832031250e-03
1.354312896728515625e-02
8.993625640869140625e-03
4.273653030395507812e-03
9.852886199951171875e-03
6.979942321777343750e-03
4.591703414916992188e-03
1.630449295043945312e-02
4.194021224975585938e-03
9.816884994506835938e-03
8.435249328613281250e-03
4.435300827026367188e-03
2.228116989135742188e-02
6.947040557861328125e-03
4.277062416076660156e-02
4.046440124511718750e-03
1.559710502624511719e-02
1.926064491271972656e-02
4.273653030395507812e-03
9.577751159667968750e-03
4.104614257812500000e-03
9.764671325683593750e-03
1.341295242309570312e-02
4.351615905761718750e-03
1.044726371765136719e-02
7.017612457275390625e-03
4.346609115600585938e-03
9.669542312622070312e-03
4.270792007446289062e-03
6.206750869750976562e-03
7.289409637451171875e-03
4.833459854125976562e-03
1.199913024902343750e-02
4.517316818237304688e-03
1.712799072265625000e-02
6.900072097778320312e-03
4.446983337402343750e-03
1.239323616027832031e-02
4.379987716674804688e-03
1.180815696716308594e-02
1.530838012695312500e-02
4.589557647705078125e-03
1.205611228942871094e-02
7.100582122802734375e-03
2.512693405151367188e-02
2.625441551208496094e-02
7.432937622070312500e-03
1.634836196899414062e-02
4.439592361450195312e-03
4.348993301391601562e-03
1.166343688964843750e-02
4.788398742675781250e-03
1.311540603637695312e-02
7.882595062255859375e-03
4.859685897827148438e-03
1.197504997253417969e-02
4.388332366943359375e-03
6.350040435791015625e-03
7.667303085327148438e-03
4.609823226928710938e-03
1.718282699584960938e-02
4.505872726440429688e-03
7.445335388183593750e-03
7.258653640747070312e-03
4.463672637939453125e-03
1.399517059326171875e-02
4.425048828125000000e-03
7.177829742431640625e-03
2.402639389038085938e-02
4.152297973632812500e-03
1.140308380126953125e-02
6.889104843139648438e-03
4.358530044555664062e-03
7.720708847045898438e-03
4.644632339477539062e-03
7.214069366455078125e-03
2.747869491577148438e-02
4.171848297119140625e-03
1.246571540832519531e-02
7.086992263793945312e-03
5.629301071166992188e-03
7.176160812377929688e-03
4.073619842529296875e-03
1.061034202575683594e-02
4.230737686157226562e-03
4.359245300292968750e-03
8.182287216186523438e-03
4.213809967041015625e-03
1.213192939758300781e-02
2.413010597229003906e-02
4.358530044555664062e-03
4.927635192871093750e-03
4.199028015136718750e-03
2.205991744995117188e-02
6.877660751342773438e-03
4.409551620483398438e-03
1.089000701904296875e-02
7.672548294067382812e-03
4.442930221557617188e-03
8.872747421264648438e-03
7.196187973022460938e-03
4.420995712280273438e-03
6.810665130615234375e-03
7.118225097656250000e-03
1.844644546508789062e-02
7.941484451293945312e-03
4.527807235717773438e-03
1.359343528747558594e-02
4.527568817138671875e-03
9.499311447143554688e-03
7.519006729125976562e-03
6.900072097778320312e-03
2.457809448242187500e-02
4.587411880493164062e-03
1.123237609863281250e-02
7.519483566284179688e-03
4.353046417236328125e-03
1.324582099914550781e-02
4.496097564697265625e-03
1.080560684204101562e-02
3.625130653381347656e-02
4.323005676269531250e-03
6.407022476196289062e-03
4.130363464355468750e-03
4.237174987792968750e-03
1.891350746154785156e-02
4.049301147460937500e-03
4.283189773559570312e-03
1.617121696472167969e-02
4.258871078491210938e-03
6.134986877441406250e-03
7.974386215209960938e-03
4.242420196533203125e-03
1.317739486694335938e-02
4.224300384521484375e-03
1.018762588500976562e-02
5.712985992431640625e-03
4.304647445678710938e-03
1.882052421569824219e-02
6.675243377685546875e-03
4.217863082885742188e-03
1.282262802124023438e-02
4.297971725463867188e-03
5.327701568603515625e-03
1.059174537658691406e-02
4.131555557250976562e-03
1.986479759216308594e-02
7.111787796020507812e-03
5.700349807739257812e-03
8.070945739746093750e-03
4.385948181152343750e-03
1.103043556213378906e-02
7.266998291015625000e-03
4.547595977783203125e-03
1.205778121948242188e-02
3.918647766113281250e-03
8.365392684936523438e-03
7.092237472534179688e-03
4.325866699218750000e-03
8.791446685791015625e-03
4.018783569335937500e-03
1.032114028930664062e-02
2.080273628234863281e-02
1.703071594238281250e-02
1.230502128601074219e-02
4.273414611816406250e-03
2.183198928833007812e-02
2.320098876953125000e-02
4.702568054199218750e-03
7.738351821899414062e-03
4.722356796264648438e-03
1.051521301269531250e-02
1.809477806091308594e-02
4.597663879394531250e-03
1.119780540466308594e-02
4.228353500366210938e-03
1.017284393310546875e-02
1.001429557800292969e-02
4.606962203979492188e-03
5.862712860107421875e-03
3.973007202148437500e-03
4.311323165893554688e-03
4.978895187377929688e-03
4.556655883789062500e-03
1.120638847351074219e-02
4.280090332031250000e-03
4.370689392089843750e-03
9.567975997924804688e-03
4.299402236938476562e-03
3.816413879394531250e-02
6.984472274780273438e-03
4.404067993164062500e-03
9.951114654541015625e-03
4.457712173461914062e-03
1.150774955749511719e-02
7.784843444824218750e-03
4.203319549560546875e-03
6.401062011718750000e-03
4.377841949462890625e-03
5.054950714111328125e-03
9.116888046264648438e-03
4.268646240234375000e-03
1.706767082214355469e-02
1.462435722351074219e-02
4.187345504760742188e-03
8.033514022827148438e-03
4.159927368164062500e-03
5.187511444091796875e-03
1.054596900939941406e-02
4.427909851074218750e-03
1.472282409667968750e-02
6.868362426757812500e-03
4.188060760498046875e-03
3.433823585510253906e-02
4.071474075317382812e-03
1.671743392944335938e-02
2.829980850219726562e-02
4.187583923339843750e-03
2.072787284851074219e-02
7.876873016357421875e-03
2.337670326232910156e-02
1.502394676208496094e-02
2.489686012268066406e-02
1.119542121887207031e-02
7.633924484252929688e-03
4.457473754882812500e-03
2.503514289855957031e-02
7.211208343505859375e-03
4.311323165893554688e-03
1.369309425354003906e-02
5.442953109741210938e-02
4.540920257568359375e-03
4.980325698852539062e-03
1.578688621520996094e-02
4.588842391967773438e-03
7.270097732543945312e-03
6.811380386352539062e-03
4.350662231445312500e-03
1.632452011108398438e-02
4.047870635986328125e-03
7.902145385742187500e-03
6.309986114501953125e-03
4.583835601806640625e-03
1.107025146484375000e-02
4.328012466430664062e-03
4.192113876342773438e-03
1.148080825805664062e-02
4.172325134277343750e-03
1.312112808227539062e-02
6.933927536010742188e-03
4.431009292602539062e-03
9.123563766479492188e-03
4.283189773559570312e-03
4.902362823486328125e-03
1.798295974731445312e-02
4.251956939697265625e-03
9.634971618652343750e-03
4.177093505859375000e-03
1.607823371887207031e-02
6.966829299926757812e-03
4.670619964599609375e-03
5.162954330444335938e-03
6.925821304321289062e-03
4.466533660888671875e-03
7.679462432861328125e-03
4.333257675170898438e-03
1.338124275207519531e-02
6.765604019165039062e-03
4.352569580078125000e-03
1.494789123535156250e-02
4.304885864257812500e-03
1.978683471679687500e-02
9.590625762939453125e-03
4.173517227172851562e-03
2.091145515441894531e-02
6.804227828979492188e-03
4.565477371215820312e-03
1.467537879943847656e-02
4.249572753906250000e-03
1.769614219665527344e-02
2.275300025939941406e-02
1.271581649780273438e-02
9.246826171875000000e-03
4.110097885131835938e-03
4.462718963623046875e-03
4.773378372192382812e-03
4.348516464233398438e-03
8.239030838012695312e-03
9.950637817382812500e-03
4.286050796508789062e-03
1.929879188537597656e-02
4.110813140869140625e-03
4.307031631469726562e-03
9.260892868041992188e-03
4.271984100341796875e-03
4.270315170288085938e-03
1.262187957763671875e-02
4.337787628173828125e-03
2.354264259338378906e-02
6.112813949584960938e-03
4.241228103637695312e-03
6.593704223632812500e-03
7.146596908569335938e-03
4.378795623779296875e-03
6.846904754638671875e-03
4.277944564819335938e-03
4.570245742797851562e-03
6.015300750732421875e-03
4.258155822753906250e-03
1.355671882629394531e-02
6.924867630004882812e-03
4.371643066406250000e-03
1.347756385803222656e-02
4.086732864379882812e-03
1.231670379638671875e-02
9.296655654907226562e-03
4.355192184448242188e-03
1.136445999145507812e-02
6.966352462768554688e-03
4.236221313476562500e-03
1.023674011230468750e-02
4.610538482666015625e-03
1.547217369079589844e-02
7.841110229492187500e-03
4.512548446655273438e-03
1.591444015502929688e-02
4.562616348266601562e-03
2.266120910644531250e-02
7.569074630737304688e-03
4.620790481567382812e-03
2.077174186706542969e-02
4.165887832641601562e-03
1.025080680847167969e-02
8.152008056640625000e-03
4.580020904541015625e-03
4.703044891357421875e-03
4.526853561401367188e-03
1.107907295227050781e-02
5.874395370483398438e-03
4.362344741821289062e-03
7.308721542358398438e-03
7.427453994750976562e-03
4.163026809692382812e-03
9.150028228759765625e-03
4.114151000976562500e-03
8.914232254028320312e-03
6.738424301147460938e-03
4.133939743041992188e-03
1.055526733398437500e-02
6.890535354614257812e-03
4.887342453002929688e-03
2.345228195190429688e-02
4.190206527709960938e-03
1.171493530273437500e-02
6.811141967773437500e-03
4.361391067504882812e-03
5.126714706420898438e-03
4.262685775756835938e-03
4.729032516479492188e-03
6.904840469360351562e-03
4.415750503540039062e-03
1.214575767517089844e-02
4.355907440185546875e-03
5.109548568725585938e-03
1.616621017456054688e-02
4.358053207397460938e-03
6.978750228881835938e-03
4.171609878540039062e-03
4.485607147216796875e-03
1.021122932434082031e-02
4.286289215087890625e-03
1.758384704589843750e-02
4.260063171386718750e-03
4.633426666259765625e-03
1.054835319519042969e-02
4.222869873046875000e-03
6.302118301391601562e-03
6.867885589599609375e-03
4.324197769165039062e-03
1.976346969604492188e-02
4.296302795410156250e-03
1.520991325378417969e-02
1.944375038146972656e-02
4.236221313476562500e-03
5.949258804321289062e-03
6.858587265014648438e-03
1.257324218750000000e-02
4.150700569152832031e-02
4.465818405151367188e-03
1.104092597961425781e-02
1.449584960937500000e-02
4.315614700317382812e-03
1.400852203369140625e-02
4.300832748413085938e-03
1.068973541259765625e-02
1.682376861572265625e-02
4.189968109130859375e-03
1.589584350585937500e-02
6.867647171020507812e-03
4.108881950378417969e-02
1.044869422912597656e-02
4.412889480590820312e-03
1.824569702148437500e-02
7.009744644165039062e-03
4.642963409423828125e-03
5.954742431640625000e-03
4.271030426025390625e-03
4.295110702514648438e-03
9.523391723632812500e-03
4.261016845703125000e-03
2.290344238281250000e-02
6.965398788452148438e-03
4.402637481689453125e-03
8.646249771118164062e-03
7.302761077880859375e-03
4.194974899291992188e-03
1.184582710266113281e-02
4.422903060913085938e-03
4.601716995239257812e-03
1.413583755493164062e-02
4.195690155029296875e-03
2.467322349548339844e-02
7.579088211059570312e-03
4.660367965698242188e-03
1.247024536132812500e-02
4.726171493530273438e-03
3.216338157653808594e-02
1.037955284118652344e-02
4.460573196411132812e-03
2.504301071166992188e-02
5.008697509765625000e-03
1.122331619262695312e-02
1.456713676452636719e-02
4.446029663085937500e-03
1.319384574890136719e-02
7.627725601196289062e-03
4.527330398559570312e-03
1.530265808105468750e-02
4.673480987548828125e-03
1.280999183654785156e-02
1.614642143249511719e-02
4.664421081542968750e-03
1.523351669311523438e-02
2.136063575744628906e-02
4.756212234497070312e-03
1.558542251586914062e-02
4.336595535278320312e-03
1.013898849487304688e-02
8.949279785156250000e-03
4.511356353759765625e-03
1.940274238586425781e-02
4.306793212890625000e-03
4.563093185424804688e-03
9.840488433837890625e-03
4.412889480590820312e-03
2.390503883361816406e-02
7.137775421142578125e-03
9.670019149780273438e-03
3.484463691711425781e-02
4.434108734130859375e-03
9.298086166381835938e-03
4.067897796630859375e-03
7.460832595825195312e-03
9.727001190185546875e-03
4.329919815063476562e-03
7.032394409179687500e-03
1.532983779907226562e-02
4.168748855590820312e-03
1.347088813781738281e-02
4.154205322265625000e-03
3.940582275390625000e-03
6.037235260009765625e-03
4.018306732177734375e-03
4.328012466430664062e-03
7.443189620971679688e-03
4.055500030517578125e-03
9.707927703857421875e-03
7.359504699707031250e-03
4.382133483886718750e-03
1.953601837158203125e-02
3.949642181396484375e-03
8.972167968750000000e-03
6.796598434448242188e-03
4.746198654174804688e-03
5.936861038208007812e-03
4.288673400878906250e-03
6.199836730957031250e-03
1.926207542419433594e-02
4.336118698120117188e-03
5.801916122436523438e-03
4.168987274169921875e-03
1.496100425720214844e-02
1.120018959045410156e-02
4.199504852294921875e-03
1.674246788024902344e-02
4.332780838012695312e-03
1.751875877380371094e-02
2.834606170654296875e-02
4.302978515625000000e-03
4.985570907592773438e-03
6.747007369995117188e-03
4.318952560424804688e-03
1.102995872497558594e-02
4.464149475097656250e-03
6.102085113525390625e-03
9.674310684204101562e-03
4.135847091674804688e-03
1.272726058959960938e-02
6.453990936279296875e-03
4.305362701416015625e-03
9.426832199096679688e-03
4.257678985595703125e-03
8.791923522949218750e-03
1.184964179992675781e-02
7.240533828735351562e-03
2.349233627319335938e-02
7.176160812377929688e-03
1.429533958435058594e-02
2.396488189697265625e-02
4.403591156005859375e-03
1.164174079895019531e-02
7.037878036499023438e-03
4.320144653320312500e-03
1.153802871704101562e-02
4.140377044677734375e-03
4.462957382202148438e-03
4.733085632324218750e-03
4.699945449829101562e-03
7.619619369506835938e-03
4.196882247924804688e-03
4.324674606323242188e-03
9.984254837036132812e-03
4.204750061035156250e-03
1.214551925659179688e-02
6.896257400512695312e-03
4.238605499267578125e-03
1.637983322143554688e-02
4.179954528808593750e-03
5.222082138061523438e-03
6.639957427978515625e-03
4.267692565917968750e-03
1.339364051818847656e-02
4.168033599853515625e-03
1.504349708557128906e-02
6.640911102294921875e-03
4.267692565917968750e-03
5.716323852539062500e-03
4.150867462158203125e-03
2.011275291442871094e-02
6.961345672607421875e-03
6.402254104614257812e-03
1.722669601440429688e-02
4.431486129760742188e-03
8.793115615844726562e-03
7.158517837524414062e-03
1.407694816589355469e-02
1.198315620422363281e-02
4.485368728637695312e-03
5.805492401123046875e-03
7.054090499877929688e-03
1.773691177368164062e-02
1.545047760009765625e-02
4.317522048950195312e-03
1.459240913391113281e-02
7.024526596069335938e-03
4.473686218261718750e-03
1.529383659362792969e-02
4.590272903442382812e-03
7.688283920288085938e-03
7.734775543212890625e-03
4.568576812744140625e-03
1.627802848815917969e-02
4.717350006103515625e-03
1.699733734130859375e-02
7.279872894287109375e-03
1.472473144531250000e-02
1.994562149047851562e-02
4.497051239013671875e-03
1.779985427856445312e-02
6.913661956787109375e-03
4.270792007446289062e-03
1.347446441650390625e-02
4.015207290649414062e-03
1.906681060791015625e-02
6.816864013671875000e-03
4.219770431518554688e-03
5.939960479736328125e-03
4.301786422729492188e-03
1.498222351074218750e-02
7.045030593872070312e-03
4.305124282836914062e-03
4.752635955810546875e-03
4.372835159301757812e-03
7.740974426269531250e-03
7.380723953247070312e-03
4.457473754882812500e-03
1.703882217407226562e-02
4.128217697143554688e-03
7.145881652832031250e-03
2.674245834350585938e-02
4.191160202026367188e-03
1.065135002136230469e-02
7.565736770629882812e-03
4.618167877197265625e-03
3.370380401611328125e-02
4.764318466186523438e-03
4.650592803955078125e-03
8.697032928466796875e-03
4.510402679443359375e-03
1.881027221679687500e-02
1.889038085937500000e-02
4.451274871826171875e-03
1.036930084228515625e-02
4.975557327270507812e-03
8.851289749145507812e-03
1.715159416198730469e-02
4.879236221313476562e-03
1.142764091491699219e-02
4.258394241333007812e-03
1.297521591186523438e-02
1.353430747985839844e-02
4.333734512329101562e-03
1.545548439025878906e-02
4.335880279541015625e-03
4.542589187622070312e-03
1.812052726745605469e-02
4.621982574462890625e-03
4.255890846252441406e-02
7.411241531372070312e-03
4.478931427001953125e-03
1.723885536193847656e-02
4.265308380126953125e-03
2.484059333801269531e-02
1.246881484985351562e-02
3.016161918640136719e-02
1.728916168212890625e-02
4.152774810791015625e-03
1.477479934692382812e-02
9.045362472534179688e-03
4.485607147216796875e-03
4.669427871704101562e-03
3.193163871765136719e-02
4.405736923217773438e-03
6.999254226684570312e-03
7.320642471313476562e-03
4.317522048950195312e-03
5.292654037475585938e-03
4.176616668701171875e-03
1.934528350830078125e-02
2.117466926574707031e-02
4.306793212890625000e-03
2.333021163940429688e-02
7.261037826538085938e-03
4.314184188842773438e-03
4.686594009399414062e-03
4.385948181152343750e-03
2.496838569641113281e-02
7.308721542358398438e-03
4.359960556030273438e-03
1.177620887756347656e-02
4.124402999877929688e-03
1.650094985961914062e-02
2.910137176513671875e-02
4.384756088256835938e-03
1.037096977233886719e-02
7.769584655761718750e-03
4.643917083740234375e-03
9.482622146606445312e-03
4.626035690307617188e-03
2.664589881896972656e-02
7.124900817871093750e-03
4.260301589965820312e-03
5.467176437377929688e-03
4.245996475219726562e-03
1.713299751281738281e-02
7.132768630981445312e-03
4.395008087158203125e-03
1.639556884765625000e-02
4.241228103637695312e-03
1.295042037963867188e-02
6.962299346923828125e-03
4.453420639038085938e-03
4.588365554809570312e-03
4.208564758300781250e-03
2.207899093627929688e-02
2.319788932800292969e-02
4.436254501342773438e-03
1.970791816711425781e-02
4.322052001953125000e-03
5.288362503051757812e-03
2.807354927062988281e-02
7.208585739135742188e-03
2.633500099182128906e-02
6.949901580810546875e-03
4.283428192138671875e-03
1.072907447814941406e-02
4.481315612792968750e-03
1.310539245605468750e-02
6.973743438720703125e-03
4.325151443481445312e-03
1.073694229125976562e-02
4.394054412841796875e-03
6.685018539428710938e-03
6.968736648559570312e-03
4.358291625976562500e-03
9.959459304809570312e-03
4.217863082885742188e-03
2.039599418640136719e-02
2.335309982299804688e-02
4.364967346191406250e-03
1.611018180847167969e-02
4.416465759277343750e-03
9.503602981567382812e-03
8.378744125366210938e-03
4.349708557128906250e-03
1.098895072937011719e-02
7.793426513671875000e-03
4.505634307861328125e-03
1.311755180358886719e-02
4.398822784423828125e-03
4.997491836547851562e-03
1.373648643493652344e-02
4.367113113403320312e-03
2.230310440063476562e-02
7.952213287353515625e-03
4.461050033569335938e-03
7.348299026489257812e-03
4.204273223876953125e-03
9.467363357543945312e-03
1.635861396789550781e-02
4.270792007446289062e-03
1.220083236694335938e-02
7.345914840698242188e-03
6.275653839111328125e-03
1.142835617065429688e-02
4.438638687133789062e-03
8.329391479492187500e-03
4.230022430419921875e-03
5.497694015502929688e-03
7.631301879882812500e-03
4.417896270751953125e-03
6.254673004150390625e-03
7.004022598266601562e-03
4.406213760375976562e-03
2.171301841735839844e-02
4.207611083984375000e-03
5.412340164184570312e-03
7.180929183959960938e-03
4.536151885986328125e-03
1.850819587707519531e-02
7.160902023315429688e-03
1.329421997070312500e-02
7.773160934448242188e-03
4.313707351684570312e-03
1.839017868041992188e-02
4.039049148559570312e-03
4.452228546142578125e-03
8.899688720703125000e-03
4.130601882934570312e-03
5.943775177001953125e-03
1.882791519165039062e-02
4.329919815063476562e-03
1.245069503784179688e-02
6.860256195068359375e-03
4.313230514526367188e-03
5.464076995849609375e-03
4.365444183349609375e-03
1.484251022338867188e-02
7.053136825561523438e-03
4.333257675170898438e-03
1.140809059143066406e-02
4.377603530883789062e-03
5.672931671142578125e-03
6.978511810302734375e-03
4.328966140747070312e-03
1.770091056823730469e-02
4.040956497192382812e-03
6.916999816894531250e-03
1.165366172790527344e-02
4.508972167968750000e-03
7.576227188110351562e-03
4.354238510131835938e-03
4.427909851074218750e-03
1.251602172851562500e-02
4.405260086059570312e-03
1.728129386901855469e-02
6.554126739501953125e-03
4.111528396606445312e-03
1.297163963317871094e-02
3.949403762817382812e-03
1.212024688720703125e-02
1.310276985168457031e-02
4.298686981201171875e-03
6.145954132080078125e-03
4.021644592285156250e-03
4.246234893798828125e-03
6.486892700195312500e-03
3.952980041503906250e-03
9.652376174926757812e-03
1.215958595275878906e-02
4.052639007568359375e-03
9.729146957397460938e-03
4.257202148437500000e-03
2.121424674987792969e-02
1.443505287170410156e-02
4.275321960449218750e-03
1.544904708862304688e-02
4.227876663208007812e-03
3.857803344726562500e-02
1.369905471801757812e-02
2.372884750366210938e-02
5.553960800170898438e-03
1.045322418212890625e-02
4.708051681518554688e-03
7.101058959960937500e-03
4.427671432495117188e-03
2.659177780151367188e-02
7.496356964111328125e-03
4.544258117675781250e-03
3.592753410339355469e-02
4.452705383300781250e-03
2.094221115112304688e-02
1.209115982055664062e-02
4.455327987670898438e-03
1.546812057495117188e-02
4.540205001831054688e-03
5.025148391723632812e-03
5.378723144531250000e-03
4.653930664062500000e-03
1.356148719787597656e-02
8.115053176879882812e-03
4.500865936279296875e-03
1.365351676940917969e-02
4.536628723144531250e-03
1.714730262756347656e-02
7.570028305053710938e-03
4.553079605102539062e-03
6.685972213745117188e-03
4.729986190795898438e-03
5.897283554077148438e-03
7.736921310424804688e-03
4.495143890380859375e-03
5.741410255432128906e-01
4.468202590942382812e-03
2.053999900817871094e-02
1.142954826354980469e-02
3.257775306701660156e-02
2.142071723937988281e-02
6.780385971069335938e-03
3.250265121459960938e-02
1.551842689514160156e-02
4.178762435913085938e-03
2.100491523742675781e-02
4.352188110351562500e-02
4.577159881591796875e-03
3.894853591918945312e-02
4.143476486206054688e-03
1.128602027893066406e-02
6.571531295776367188e-03
4.434585571289062500e-03
1.107978820800781250e-02
4.426002502441406250e-03
4.513025283813476562e-03
9.951114654541015625e-03
4.441261291503906250e-03
1.535010337829589844e-02
7.228374481201171875e-03
2.154731750488281250e-02
1.046061515808105469e-02
4.403114318847656250e-03
8.910417556762695312e-03
8.173465728759765625e-03
4.363298416137695312e-03
1.436924934387207031e-02
4.284381866455078125e-03
6.341457366943359375e-03
1.224565505981445312e-02
7.188796997070312500e-03
2.529168128967285156e-02
7.076978683471679688e-03
9.434700012207031250e-03
3.237605094909667969e-02
4.637002944946289062e-03
3.588128089904785156e-02
1.998448371887207031e-02
4.545211791992187500e-03
8.561134338378906250e-03
1.069664955139160156e-02
4.552841186523437500e-03
5.468606948852539062e-03
4.539966583251953125e-03
4.956722259521484375e-03
6.513357162475585938e-03
4.489421844482421875e-03
7.755994796752929688e-03
7.613897323608398438e-03
5.432128906250000000e-03
9.298563003540039062e-03
4.273414611816406250e-03
8.305549621582031250e-03
7.255077362060546875e-03
4.204273223876953125e-03
5.084276199340820312e-03
4.288434982299804688e-03
1.338601112365722656e-02
7.077455520629882812e-03
4.404067993164062500e-03
9.452581405639648438e-03
4.230737686157226562e-03
1.163101196289062500e-02
1.427221298217773438e-02
4.170179367065429688e-03
4.585504531860351562e-03
1.159095764160156250e-02
4.395723342895507812e-03
2.002453804016113281e-02
7.173538208007812500e-03
2.584147453308105469e-02
2.160859107971191406e-02
4.472494125366210938e-03
1.121973991394042969e-02
4.291057586669921875e-03
4.370212554931640625e-03
5.810022354125976562e-03
4.343986511230468750e-03
3.958773612976074219e-02
2.653098106384277344e-02
3.488206863403320312e-02
1.364302635192871094e-02
4.175901412963867188e-03
4.539728164672851562e-03
1.617670059204101562e-02
4.413604736328125000e-03
1.509404182434082031e-02
6.460428237915039062e-03
4.586219787597656250e-03
1.370096206665039062e-02
4.494428634643554688e-03
4.507064819335937500e-03
1.053476333618164062e-02
4.411458969116210938e-03
4.441976547241210938e-03
5.850315093994140625e-03
7.321834564208984375e-03
2.590513229370117188e-02
7.396936416625976562e-03
1.420187950134277344e-02
4.118108749389648438e-02
4.240512847900390625e-03
1.439046859741210938e-02
7.435083389282226562e-03
4.299879074096679688e-03
1.534819602966308594e-02
4.320383071899414062e-03
1.693344116210937500e-02
8.918285369873046875e-03
4.458189010620117188e-03
1.818728446960449219e-02
7.625341415405273438e-03
4.615545272827148438e-03
1.388740539550781250e-02
4.492044448852539062e-03
5.925655364990234375e-03
1.348996162414550781e-02
4.660367965698242188e-03
8.644104003906250000e-03
4.371643066406250000e-03
5.517959594726562500e-03
1.789069175720214844e-02
4.371643066406250000e-03
5.349397659301757812e-03
7.107973098754882812e-03
4.445552825927734375e-03
1.196074485778808594e-02
4.308938980102539062e-03
1.932311058044433594e-02
4.465103149414062500e-03
1.226282119750976562e-02
1.298451423645019531e-02
1.445102691650390625e-02
1.005053520202636719e-02
4.254817962646484375e-03
4.888296127319335938e-03
4.308128356933593750e-02
1.452469825744628906e-02
4.121661186218261719e-02
7.232189178466796875e-03
4.839181900024414062e-03
1.520347595214843750e-02
4.299402236938476562e-03
6.151199340820312500e-03
7.308006286621093750e-03
4.387855529785156250e-03
7.505655288696289062e-03
4.445552825927734375e-03
1.492333412170410156e-02
7.058620452880859375e-03
4.927396774291992188e-03
1.053595542907714844e-02
4.887104034423828125e-03
1.974344253540039062e-02
6.762266159057617188e-03
4.313707351684570312e-03
2.954459190368652344e-02
9.234905242919921875e-03
4.395246505737304688e-03
6.581544876098632812e-03
4.261493682861328125e-03
6.167173385620117188e-03
1.316857337951660156e-02
4.440307617187500000e-03
2.011585235595703125e-02
7.022380828857421875e-03
4.138231277465820312e-03
1.433372497558593750e-02
4.199504852294921875e-03
4.631519317626953125e-03
1.138663291931152344e-02
4.087209701538085938e-03
1.178193092346191406e-02
4.219770431518554688e-03
1.487898826599121094e-02
2.063608169555664062e-02
4.337072372436523438e-03
8.411169052124023438e-03
7.353544235229492188e-03
4.555940628051757812e-03
1.361036300659179688e-02
4.429578781127929688e-03
2.055764198303222656e-02
7.600784301757812500e-03
4.112720489501953125e-03
1.104760169982910156e-02
4.221439361572265625e-03
4.365682601928710938e-03
1.140999794006347656e-02
4.309177398681640625e-03
1.694560050964355469e-02
7.050514221191406250e-03
4.339456558227539062e-03
1.380491256713867188e-02
4.624128341674804688e-03
1.821589469909667969e-02
7.817983627319335938e-03
2.469539642333984375e-02
1.064682006835937500e-02
4.338741302490234375e-03
4.808425903320312500e-03
1.495480537414550781e-02
4.795789718627929688e-03
1.012778282165527344e-02
7.553339004516601562e-03
4.651546478271484375e-03
8.959531784057617188e-03
4.410743713378906250e-03
1.382851600646972656e-02
9.159803390502929688e-03
4.641294479370117188e-03
5.250453948974609375e-03
4.601478576660156250e-03
5.437374114990234375e-03
6.383895874023437500e-03
4.663228988647460938e-03
7.665872573852539062e-03
1.126766204833984375e-02
4.637479782104492188e-03
1.945853233337402344e-02
7.190227508544921875e-03
6.260156631469726562e-03
1.444363594055175781e-02
4.448890686035156250e-03
5.994796752929687500e-03
7.001876831054687500e-03
4.428148269653320312e-03
1.803922653198242188e-02
4.287958145141601562e-03
6.673812866210937500e-03
1.146793365478515625e-02
4.249572753906250000e-03
1.108956336975097656e-02
6.968498229980468750e-03
4.279375076293945312e-03
1.684427261352539062e-02
4.070043563842773438e-03
4.559993743896484375e-03
9.486198425292968750e-03
4.348993301391601562e-03
7.062911987304687500e-03
7.365226745605468750e-03
4.523277282714843750e-03
6.230354309082031250e-03
4.561185836791992188e-03
1.268768310546875000e-02
1.001024246215820312e-02
4.787445068359375000e-03
8.922576904296875000e-03
4.160642623901367188e-03
2.141404151916503906e-02
1.656484603881835938e-02
4.256010055541992188e-03
2.633547782897949219e-02
6.796121597290039062e-03
2.425265312194824219e-02
1.412606239318847656e-02
4.318475723266601562e-03
1.586365699768066406e-02
1.080679893493652344e-02
4.555225372314453125e-03
1.565051078796386719e-02
4.598855972290039062e-03
1.270675659179687500e-02
1.087284088134765625e-02
4.329919815063476562e-03
9.088754653930664062e-03
7.041931152343750000e-03
4.402399063110351562e-03
1.207113265991210938e-02
4.529237747192382812e-03
1.334810256958007812e-02
9.866237640380859375e-03
4.456996917724609375e-03
9.594202041625976562e-03
4.255056381225585938e-03
1.500248908996582031e-02
1.564741134643554688e-02
4.643201828002929688e-03
5.451202392578125000e-03
7.192850112915039062e-03
4.504680633544921875e-03
1.094722747802734375e-02
4.421472549438476562e-03
1.521849632263183594e-02
7.362127304077148438e-03
4.604101181030273438e-03
1.049470901489257812e-02
4.461050033569335938e-03
1.846003532409667969e-02
7.326602935791015625e-03
8.722066879272460938e-03
2.203631401062011719e-02
1.805257797241210938e-02
1.253318786621093750e-02
4.273176193237304688e-03
4.576444625854492188e-03
1.538062095642089844e-02
4.234790802001953125e-03
1.194119453430175781e-02
6.850719451904296875e-03
4.357576370239257812e-03
1.474165916442871094e-02
6.992340087890625000e-03
4.261732101440429688e-03
1.511693000793457031e-02
4.283905029296875000e-03
2.518963813781738281e-02
1.531100273132324219e-02
4.247665405273437500e-03
1.158332824707031250e-02
7.109403610229492188e-03
3.285717964172363281e-02
5.526566505432128906e-02
2.299952507019042969e-02
1.779246330261230469e-02
5.787849426269531250e-03
4.460811614990234375e-03
8.161783218383789062e-03
4.250526428222656250e-03
4.404544830322265625e-03
1.340532302856445312e-02
4.425764083862304688e-03
4.889488220214843750e-03
7.366180419921875000e-03
4.524469375610351562e-03
6.863117218017578125e-03
4.405260086059570312e-03
1.444649696350097656e-02
7.607221603393554688e-03
4.660844802856445312e-03
1.061201095581054688e-02
4.682779312133789062e-03
1.286077499389648438e-02
1.776432991027832031e-02
4.471302032470703125e-03
1.008892059326171875e-02
1.197099685668945312e-02
4.459381103515625000e-03
1.207208633422851562e-02
6.994724273681640625e-03
6.100416183471679688e-03
5.665540695190429688e-03
4.391193389892578125e-03
4.818439483642578125e-03
6.914615631103515625e-03
4.499197006225585938e-03
8.507490158081054688e-03
4.435300827026367188e-03
1.926994323730468750e-02
1.651811599731445312e-02
4.481077194213867188e-03
7.352590560913085938e-03
6.839513778686523438e-03
4.419326782226562500e-03
1.596331596374511719e-02
4.248142242431640625e-03
1.231193542480468750e-02
7.787704467773437500e-03
4.447221755981445312e-03
8.483171463012695312e-03
6.950855255126953125e-03
4.395246505737304688e-03
1.895618438720703125e-02
7.066488265991210938e-03
3.207397460937500000e-02
6.982088088989257812e-03
4.459381103515625000e-03
1.722574234008789062e-02
4.009962081909179688e-03
1.222205162048339844e-02
7.061958312988281250e-03
4.266977310180664062e-03
1.637172698974609375e-02
4.328489303588867188e-03
4.551172256469726562e-03
6.718397140502929688e-03
4.270553588867187500e-03
2.149105072021484375e-02
6.961584091186523438e-03
5.120277404785156250e-03
1.051330566406250000e-02
4.450559616088867188e-03
5.120992660522460938e-03
7.241487503051757812e-03
4.440546035766601562e-03
1.483130455017089844e-02
4.371166229248046875e-03
1.445126533508300781e-02
6.952285766601562500e-03
5.910873413085937500e-03
9.280443191528320312e-03
4.280328750610351562e-03
1.228332519531250000e-02
1.321983337402343750e-02
4.496812820434570312e-03
2.079510688781738281e-02
7.620334625244140625e-03
4.909038543701171875e-03
1.541233062744140625e-02
7.844209671020507812e-03
4.671812057495117188e-03
7.677793502807617188e-03
4.537343978881835938e-03
1.413202285766601562e-02
3.494358062744140625e-02
4.380941390991210938e-03
1.884531974792480469e-02
4.550218582153320312e-03
1.541614532470703125e-02
1.119422912597656250e-02
4.341840744018554688e-03
1.213073730468750000e-02
4.320144653320312500e-03
1.497912406921386719e-02
1.465916633605957031e-02
4.691123962402343750e-03
4.297780990600585938e-02
4.280567169189453125e-03
6.924152374267578125e-03
1.833510398864746094e-02
4.403591156005859375e-03
8.997201919555664062e-03
4.312753677368164062e-03
4.548788070678710938e-03
2.192473411560058594e-02
4.419326782226562500e-03
1.807236671447753906e-02
6.709814071655273438e-03
4.462718963623046875e-03
2.223610877990722656e-02
4.213571548461914062e-03
4.456043243408203125e-03
1.031756401062011719e-02
4.319667816162109375e-03
1.537823677062988281e-02
7.448673248291015625e-03
4.614353179931640625e-03
6.547451019287109375e-03
4.177570343017578125e-03
1.225972175598144531e-02
1.706910133361816406e-02
4.269599914550781250e-03
5.788564682006835938e-03
4.249334335327148438e-03
1.563715934753417969e-02
9.213447570800781250e-03
4.168987274169921875e-03
8.551597595214843750e-03
7.006883621215820312e-03
4.379510879516601562e-03
1.503229141235351562e-02
4.351139068603515625e-03
1.898884773254394531e-02
7.312059402465820312e-03
4.416942596435546875e-03
1.337265968322753906e-02
4.260778427124023438e-03
3.234124183654785156e-02
1.068401336669921875e-02
4.446029663085937500e-03
1.089429855346679688e-02
6.912946701049804688e-03
4.992485046386718750e-03
1.519823074340820312e-02
4.404544830322265625e-03
2.079653739929199219e-02
1.761150360107421875e-02
4.466295242309570312e-03
1.906204223632812500e-02
7.273435592651367188e-03
4.212379455566406250e-03
6.911516189575195312e-03
4.175424575805664062e-03
4.688262939453125000e-03
1.927232742309570312e-02
4.378557205200195312e-03
5.656003952026367188e-03
6.811618804931640625e-03
4.223585128784179688e-03
6.402015686035156250e-03
4.219293594360351562e-03
1.349139213562011719e-02
7.462739944458007812e-03
6.132602691650390625e-03
1.503229141235351562e-02
4.462242126464843750e-03
9.854078292846679688e-03
1.011514663696289062e-02
4.734802246093750000e-02
1.690602302551269531e-02
7.709741592407226562e-03
1.118731498718261719e-02
1.093101501464843750e-02
4.770278930664062500e-03
1.202750205993652344e-02
2.214789390563964844e-02
4.220008850097656250e-03
6.056785583496093750e-03
6.875038146972656250e-03
4.318237304687500000e-03
6.550788879394531250e-03
4.296541213989257812e-03
1.066398620605468750e-02
9.070158004760742188e-03
4.276752471923828125e-03
1.494503021240234375e-02
4.643201828002929688e-03
1.076412200927734375e-02
2.622437477111816406e-02
4.561662673950195312e-03
1.001453399658203125e-02
4.239559173583984375e-03
7.216453552246093750e-03
2.569985389709472656e-02
4.215240478515625000e-03
6.102800369262695312e-03
1.008558273315429688e-02
4.468202590942382812e-03
1.201438903808593750e-02
4.289150238037109375e-03
1.016688346862792969e-02
7.272005081176757812e-03
4.441738128662109375e-03
1.432275772094726562e-02
5.271911621093750000e-03
4.428386688232421875e-03
9.308338165283203125e-03
6.927728652954101562e-03
4.798889160156250000e-03
1.197218894958496094e-02
4.204511642456054688e-03
8.937597274780273438e-03
7.054805755615234375e-03
4.529714584350585938e-03
1.228094100952148438e-02
4.470109939575195312e-03
5.977869033813476562e-03
4.319190979003906250e-03
4.421710968017578125e-03
2.582430839538574219e-02
4.402875900268554688e-03
1.684927940368652344e-02
7.146596908569335938e-03
4.282951354980468750e-03
5.438804626464843750e-03
4.218816757202148438e-03
3.645539283752441406e-02
1.408576965332031250e-02
7.250070571899414062e-03
1.012396812438964844e-02
4.274845123291015625e-03
4.783153533935546875e-03
1.139783859252929688e-02
4.323005676269531250e-03
1.542067527770996094e-02
9.853363037109375000e-03
4.522085189819335938e-03
9.161710739135742188e-03
4.456043243408203125e-03
4.918575286865234375e-03
4.731607437133789062e-02
4.306077957153320312e-03
2.002358436584472656e-02
1.636099815368652344e-02
4.263639450073242188e-03
5.082368850708007812e-03
4.191398620605468750e-03
4.186391830444335938e-03
1.667928695678710938e-02
4.297018051147460938e-03
1.642560958862304688e-02
1.978754997253417969e-02
4.277944564819335938e-03
2.787899971008300781e-02
4.181146621704101562e-03
2.341032028198242188e-02
2.861213684082031250e-02
4.555225372314453125e-03
1.758360862731933594e-02
6.847381591796875000e-03
4.247426986694335938e-03
9.810924530029296875e-03
4.450082778930664062e-03
4.236888885498046875e-02
1.361680030822753906e-02
4.487752914428710938e-03
6.502389907836914062e-03
4.186391830444335938e-03
4.299402236938476562e-03
8.391857147216796875e-03
4.173994064331054688e-03
1.503396034240722656e-02
1.531577110290527344e-02
4.463911056518554688e-03
1.305723190307617188e-02
4.628419876098632812e-03
4.551410675048828125e-03
1.836657524108886719e-02
4.672050476074218750e-03
1.108384132385253906e-02
7.878303527832031250e-03
4.584789276123046875e-03
8.055210113525390625e-03
4.566907882690429688e-03
5.925893783569335938e-03
1.095652580261230469e-02
4.896402359008789062e-03
2.174592018127441406e-02
7.541894912719726562e-03
4.586935043334960938e-03
6.500244140625000000e-03
4.479885101318359375e-03
1.546525955200195312e-02
1.297044754028320312e-02
4.495382308959960938e-03
4.914045333862304688e-03
4.390001296997070312e-03
7.538318634033203125e-03
2.068257331848144531e-02
4.351854324340820312e-03
1.668024063110351562e-02
7.884979248046875000e-03
4.321813583374023438e-03
5.055189132690429688e-03
4.228353500366210938e-03
1.864814758300781250e-02
1.066279411315917969e-02
4.049777984619140625e-03
1.607108116149902344e-02
4.428863525390625000e-03
6.894826889038085938e-03
5.456686019897460938e-03
4.349708557128906250e-03
1.076722145080566406e-02
7.526874542236328125e-03
4.669666290283203125e-03
1.209831237792968750e-02
4.446029663085937500e-03
1.527047157287597656e-02
7.610321044921875000e-03
4.444360733032226562e-03
1.045727729797363281e-02
4.667520523071289062e-03
3.459143638610839844e-02
2.858853340148925781e-02
4.466056823730468750e-03
1.173734664916992188e-02
6.676912307739257812e-03
4.665374755859375000e-03
2.904200553894042969e-02
4.652500152587890625e-03
1.217818260192871094e-02
7.951259613037109375e-03
4.527807235717773438e-03
5.118370056152343750e-03
4.469394683837890625e-03
3.600978851318359375e-02
4.326820373535156250e-03
1.437425613403320312e-02
1.513457298278808594e-02
4.569053649902343750e-03
2.194595336914062500e-02
5.973100662231445312e-03
5.003452301025390625e-03
5.497455596923828125e-03
4.558086395263671875e-03
4.565477371215820312e-03
6.520748138427734375e-03
4.316568374633789062e-03
1.907038688659667969e-02
1.033687591552734375e-02
4.251003265380859375e-03
3.680944442749023438e-02
7.198095321655273438e-03
4.378318786621093750e-03
1.723098754882812500e-02
4.530668258666992188e-03
8.301019668579101562e-03
9.135246276855468750e-03
4.496812820434570312e-03
9.246826171875000000e-03
4.327535629272460938e-03
1.280641555786132812e-02
1.267838478088378906e-02
4.558801651000976562e-03
1.506590843200683594e-02
7.027149200439453125e-03
4.193782806396484375e-03
1.561999320983886719e-02
4.425048828125000000e-03
2.042555809020996094e-02
1.043891906738281250e-02
4.542589187622070312e-03
9.051084518432617188e-03
4.357576370239257812e-03
1.881361007690429688e-02
6.847620010375976562e-03
4.438877105712890625e-03
1.690602302551269531e-02
4.346847534179687500e-03
1.238751411437988281e-02
1.665377616882324219e-02
4.323720932006835938e-03
1.230835914611816406e-02
7.349967956542968750e-03
4.451274871826171875e-03
1.340341567993164062e-02
4.253387451171875000e-03
1.159977912902832031e-02
1.648974418640136719e-02
1.944708824157714844e-02
1.475596427917480469e-02
7.249832153320312500e-03
6.237983703613281250e-03
7.349967956542968750e-03
4.531860351562500000e-03
1.527857780456542969e-02
4.365444183349609375e-03
6.150245666503906250e-03
7.536172866821289062e-03
4.588365554809570312e-03
6.801605224609375000e-03
4.258155822753906250e-03
5.616188049316406250e-03
7.735729217529296875e-03
4.543542861938476562e-03
1.576161384582519531e-02
4.401922225952148438e-03
1.166534423828125000e-02
7.339954376220703125e-03
4.574537277221679688e-03
2.440309524536132812e-02
4.321336746215820312e-03
1.037096977233886719e-02
1.081180572509765625e-02
4.667758941650390625e-03
1.074337959289550781e-02
4.178285598754882812e-03
1.099848747253417969e-02
3.578948974609375000e-02
4.451990127563476562e-03
6.302118301391601562e-03
4.091978073120117188e-03
4.390001296997070312e-03
1.592421531677246094e-02
4.310846328735351562e-03
1.020145416259765625e-02
1.131820678710937500e-02
4.502296447753906250e-03
1.028990745544433594e-02
7.007360458374023438e-03
4.325628280639648438e-03
1.317024230957031250e-02
4.189014434814453125e-03
5.832195281982421875e-03
4.602909088134765625e-03
4.261016845703125000e-03
9.530067443847656250e-03
6.975173950195312500e-03
4.452943801879882812e-03
1.959156990051269531e-02
4.261970520019531250e-03
1.389360427856445312e-02
6.870269775390625000e-03
4.196882247924804688e-03
8.496999740600585938e-03
4.281282424926757812e-03
1.529622077941894531e-02
5.300283432006835938e-03
4.378795623779296875e-03
6.561517715454101562e-03
2.861690521240234375e-02
4.414558410644531250e-03
1.443982124328613281e-02
4.374504089355468750e-03
4.893302917480468750e-03
1.155924797058105469e-02
4.386425018310546875e-03
1.652455329895019531e-02
6.847143173217773438e-03
4.429578781127929688e-03
1.651191711425781250e-02
7.256507873535156250e-03
5.286550521850585938e-02
4.433155059814453125e-03
4.379987716674804688e-03
2.354502677917480469e-02
4.553318023681640625e-03
1.682257652282714844e-02
4.455327987670898438e-03
6.031751632690429688e-03
1.760697364807128906e-02
4.398822784423828125e-03
9.623289108276367188e-03
6.979703903198242188e-03
4.489421844482421875e-03
4.868984222412109375e-03
4.229545593261718750e-03
1.498579978942871094e-02
6.233453750610351562e-03
4.451274871826171875e-03
9.924411773681640625e-03
6.918430328369140625e-03
4.497528076171875000e-03
2.432823181152343750e-02
4.328250885009765625e-03
2.052950859069824219e-02
2.163624763488769531e-02
4.928588867187500000e-03
1.258301734924316406e-02
4.095792770385742188e-03
4.155635833740234375e-03
5.903720855712890625e-03
4.235506057739257812e-03
1.187539100646972656e-02
7.070779800415039062e-03
4.486322402954101562e-03
1.984977722167968750e-02
4.165649414062500000e-03
1.361155509948730469e-02
4.833936691284179688e-03
1.030158996582031250e-02
1.031136512756347656e-02
4.530429840087890625e-03
8.740186691284179688e-03
7.053375244140625000e-03
4.311323165893554688e-03
8.895397186279296875e-03
4.322528839111328125e-03
4.925727844238281250e-03
2.431726455688476562e-02
4.776477813720703125e-03
1.348304748535156250e-02
7.117271423339843750e-03
4.487514495849609375e-03
1.309943199157714844e-02
4.723787307739257812e-03
1.145577430725097656e-02
6.770372390747070312e-03
4.374504089355468750e-03
3.076672554016113281e-02
7.099151611328125000e-03
1.150941848754882812e-02
3.180170059204101562e-02
4.739999771118164062e-03
1.245331764221191406e-02
4.173755645751953125e-03
4.690647125244140625e-03
1.826477050781250000e-02
4.499197006225585938e-03
1.164746284484863281e-02
7.368564605712890625e-03
4.359722137451171875e-03
1.833653450012207031e-02
6.969213485717773438e-03
4.327297210693359375e-03
1.083707809448242188e-02
4.707336425781250000e-03
2.268791198730468750e-02
4.668474197387695312e-03
1.885271072387695312e-02
1.786231994628906250e-02
4.415750503540039062e-03
8.082628250122070312e-03
7.107973098754882812e-03
4.472732543945312500e-03
6.557464599609375000e-03
4.410028457641601562e-03
9.348869323730468750e-03
7.016420364379882812e-03
4.251480102539062500e-03
1.467728614807128906e-02
4.343032836914062500e-03
2.160501480102539062e-02
7.342100143432617188e-03
4.356861114501953125e-03
1.843380928039550781e-02
4.106760025024414062e-03
1.528358459472656250e-02
2.079081535339355469e-02
4.220962524414062500e-03
1.013231277465820312e-02
4.348993301391601562e-03
6.731033325195312500e-03
1.534104347229003906e-02
4.032611846923828125e-03
1.797842979431152344e-02
6.945371627807617188e-03
4.377841949462890625e-03
1.482248306274414062e-02
4.268646240234375000e-03
4.334211349487304688e-03
9.600877761840820312e-03
4.171133041381835938e-03
1.095008850097656250e-02
1.859474182128906250e-02
4.212379455566406250e-03
2.094006538391113281e-02
2.126717567443847656e-02
3.584647178649902344e-02
3.101301193237304688e-02
7.717132568359375000e-03
3.148961067199707031e-02
7.642030715942382812e-03
4.995584487915039062e-03
5.641222000122070312e-03
4.501581192016601562e-03
9.325027465820312500e-03
2.721667289733886719e-02
4.611968994140625000e-03
1.077818870544433594e-02
4.951953887939453125e-03
1.552772521972656250e-02
7.842779159545898438e-03
4.657745361328125000e-03
1.195454597473144531e-02
4.965066909790039062e-03
1.245379447937011719e-02
2.325892448425292969e-02
4.815578460693359375e-03
1.061272621154785156e-02
4.560947418212890625e-03
1.185655593872070312e-02
1.521635055541992188e-02
4.429817199707031250e-03
1.621627807617187500e-02
7.430791854858398438e-03
4.394054412841796875e-03
1.697635650634765625e-02
4.436492919921875000e-03
1.524066925048828125e-02
7.276535034179687500e-03
4.138946533203125000e-03
2.243447303771972656e-02
4.185438156127929688e-03
1.162099838256835938e-02
7.485866546630859375e-03
4.551410675048828125e-03
1.307272911071777344e-02
4.281759262084960938e-03
1.277875900268554688e-02
6.976127624511718750e-03
4.357814788818359375e-03
5.803346633911132812e-03
4.141569137573242188e-03
5.560636520385742188e-03
7.296562194824218750e-03
4.077434539794921875e-03
1.281142234802246094e-02
4.268884658813476562e-03
4.467725753784179688e-03
5.993366241455078125e-03
4.127740859985351562e-03
1.063275337219238281e-02
6.973505020141601562e-03
4.376411437988281250e-03
5.332469940185546875e-03
4.332304000854492188e-03
1.608204841613769531e-02
2.749371528625488281e-02
4.910945892333984375e-03
4.494428634643554688e-03
1.695418357849121094e-02
2.653813362121582031e-02
4.699468612670898438e-03
1.833415031433105469e-02
4.463672637939453125e-03
1.059627532958984375e-02
1.736259460449218750e-02
4.726886749267578125e-03
2.364635467529296875e-02
4.377126693725585938e-03
4.781484603881835938e-03
1.469635963439941406e-02
4.495143890380859375e-03
6.312131881713867188e-03
7.084608078002929688e-03
4.713296890258789062e-03
1.904034614562988281e-02
4.649877548217773438e-03
1.619791984558105469e-02
8.047103881835937500e-03
4.619121551513671875e-03
2.231264114379882812e-02
4.558086395263671875e-03
8.101224899291992188e-03
1.208615303039550781e-02
4.594564437866210938e-03
1.526379585266113281e-02
7.233381271362304688e-03
4.601955413818359375e-03
6.856203079223632812e-03
4.424571990966796875e-03
5.785465240478515625e-03
7.010698318481445312e-03
4.544496536254882812e-03
6.984710693359375000e-03
4.241704940795898438e-03
1.563692092895507812e-02
7.067441940307617188e-03
4.424810409545898438e-03
1.263451576232910156e-02
4.435777664184570312e-03
1.645755767822265625e-02
1.121997833251953125e-02
4.460811614990234375e-03
1.579499244689941406e-02
4.398822784423828125e-03
1.863718032836914062e-02
5.426645278930664062e-03
4.004001617431640625e-03
2.182650566101074219e-02
4.392862319946289062e-03
8.965730667114257812e-03
7.546186447143554688e-03
4.304647445678710938e-03
1.394987106323242188e-02
7.068634033203125000e-03
3.125548362731933594e-02
3.113698959350585938e-02
4.269838333129882812e-03
1.129078865051269531e-02
6.735086441040039062e-03
4.423141479492187500e-03
1.107907295227050781e-02
4.151821136474609375e-03
1.446223258972167969e-02
6.962537765502929688e-03
4.208564758300781250e-03
1.051950454711914062e-02
4.376173019409179688e-03
7.142543792724609375e-03
4.945516586303710938e-03
4.172325134277343750e-03
1.192545890808105469e-02
4.568099975585937500e-03
