1.135897636413574219e-02
7.462978363037109375e-03
4.561424255371093750e-03
2.299809455871582031e-02
5.622863769531250000e-03
1.334857940673828125e-02
7.028579711914062500e-03
2.837395668029785156e-02
9.485960006713867188e-03
4.824161529541015625e-03
2.505850791931152344e-02
5.235910415649414062e-03
1.501250267028808594e-02
7.333278656005859375e-03
6.465435028076171875e-03
7.883548736572265625e-03
5.291461944580078125e-03
7.926702499389648438e-03
7.654666900634765625e-03
5.505084991455078125e-03
4.704713821411132812e-03
5.429983139038085938e-03
2.143955230712890625e-02
4.120111465454101562e-03
1.333165168762207031e-02
1.274108886718750000e-02
9.960889816284179688e-03
2.690720558166503906e-02
3.950524330139160156e-02
1.927089691162109375e-02
4.590988159179687500e-03
6.826400756835937500e-03
1.873302459716796875e-02
5.592584609985351562e-03
1.718735694885253906e-02
5.952596664428710938e-03
8.585453033447265625e-03
3.812932968139648438e-02
5.238056182861328125e-03
5.790042877197265625e-02
7.126569747924804688e-03
7.795095443725585938e-03
1.174283027648925781e-02
7.472991943359375000e-03
5.717515945434570312e-03
7.618427276611328125e-03
5.784988403320312500e-03
7.225513458251953125e-03
5.606174468994140625e-03
2.246809005737304688e-02
6.625652313232421875e-03
2.942633628845214844e-02
1.636815071105957031e-02
6.970167160034179688e-03
1.327729225158691406e-02
7.790803909301757812e-03
1.964735984802246094e-02
1.446247100830078125e-02
5.511999130249023438e-03
8.193969726562500000e-03
5.551576614379882812e-03
2.682733535766601562e-02
4.447698593139648438e-02
4.824161529541015625e-03
5.386900901794433594e-02
4.394769668579101562e-03
2.090501785278320312e-02
1.899576187133789062e-02
4.147291183471679688e-03
3.028154373168945312e-02
7.204532623291015625e-03
2.386283874511718750e-02
3.192472457885742188e-02
4.289627075195312500e-03
1.528835296630859375e-02
7.554769515991210938e-03
9.221315383911132812e-03
1.058340072631835938e-02
7.357358932495117188e-03
1.139330863952636719e-02
9.241104125976562500e-03
1.315546035766601562e-02
1.051712036132812500e-02
4.106044769287109375e-03
9.968280792236328125e-03
7.907629013061523438e-03
3.611803054809570312e-02
3.052234649658203125e-02
5.800485610961914062e-03
1.597785949707031250e-02
5.099058151245117188e-03
4.296302795410156250e-03
1.842856407165527344e-02
5.423545837402343750e-03
9.891271591186523438e-03
8.514642715454101562e-03
5.398988723754882812e-03
1.030468940734863281e-02
5.027294158935546875e-03
5.605220794677734375e-03
8.092164993286132812e-03
5.086898803710937500e-03
8.332729339599609375e-03
7.412433624267578125e-03
7.335424423217773438e-03
1.124668121337890625e-02
6.078004837036132812e-03
1.837611198425292969e-02
1.273727416992187500e-02
5.282878875732421875e-03
1.426815986633300781e-02
7.013320922851562500e-03
2.520608901977539062e-02
9.704589843750000000e-03
7.134437561035156250e-03
3.546833992004394531e-02
6.668329238891601562e-03
2.942156791687011719e-02
3.188371658325195312e-02
7.109165191650390625e-03
1.002001762390136719e-02
7.318973541259765625e-03
3.086328506469726562e-02
9.818315505981445312e-03
7.632255554199218750e-03
7.564067840576171875e-03
2.669358253479003906e-02
7.523059844970703125e-03
1.470756530761718750e-02
7.001638412475585938e-03
4.965782165527343750e-03
2.944183349609375000e-02
6.392955780029296875e-03
8.855819702148437500e-03
7.201671600341796875e-03
6.589651107788085938e-03
2.974176406860351562e-02
6.970643997192382812e-03
1.566672325134277344e-02
7.311105728149414062e-03
1.045989990234375000e-02
4.723167419433593750e-02
4.381895065307617188e-03
6.460261344909667969e-02
7.848978042602539062e-03
4.253888130187988281e-02
8.832454681396484375e-03
7.058620452880859375e-03
9.403705596923828125e-03
4.816770553588867188e-03
7.519721984863281250e-03
7.040739059448242188e-03
3.265070915222167969e-02
2.335405349731445312e-02
4.293203353881835938e-03
2.851629257202148438e-02
7.889986038208007812e-03
1.743054389953613281e-02
1.080393791198730469e-02
5.063056945800781250e-03
3.617262840270996094e-02
4.295825958251953125e-03
3.372335433959960938e-02
7.899284362792968750e-03
6.685972213745117188e-03
1.702642440795898438e-02
5.261659622192382812e-03
4.276323318481445312e-02
7.518768310546875000e-03
1.954293251037597656e-02
1.456546783447265625e-02
7.551908493041992188e-03
8.834600448608398438e-03
8.082866668701171875e-03
2.802109718322753906e-02
2.523756027221679688e-02
6.259918212890625000e-03
2.108597755432128906e-02
6.644725799560546875e-03
1.551246643066406250e-02
4.571008682250976562e-02
6.898403167724609375e-03
1.984548568725585938e-02
8.164405822753906250e-03
6.606340408325195312e-03
3.601479530334472656e-02
6.019115447998046875e-03
1.928591728210449219e-02
9.752511978149414062e-03
7.836103439331054688e-03
1.496672630310058594e-02
4.232883453369140625e-03
2.025008201599121094e-02
5.487442016601562500e-03
2.904939651489257812e-02
7.585525512695312500e-03
2.039194107055664062e-02
7.622718811035156250e-03
5.717992782592773438e-03
9.200096130371093750e-03
5.282163619995117188e-03
1.592469215393066406e-02
1.430392265319824219e-02
4.844832420349121094e-02
1.463413238525390625e-02
4.963636398315429688e-03
3.290247917175292969e-02
8.088111877441406250e-03
2.280974388122558594e-02
1.964902877807617188e-02
6.549119949340820312e-03
2.991819381713867188e-02
7.699966430664062500e-03
5.996465682983398438e-03
5.344557762145996094e-02
7.139682769775390625e-03
3.362298011779785156e-02
4.328966140747070312e-03
1.472401618957519531e-02
4.434108734130859375e-02
6.719112396240234375e-03
2.560830116271972656e-02
6.045103073120117188e-03
2.957177162170410156e-02
2.937889099121093750e-02
5.290985107421875000e-03
1.231312751770019531e-02
5.251407623291015625e-03
1.091551780700683594e-02
7.776021957397460938e-03
9.489297866821289062e-03
6.629228591918945312e-03
4.501819610595703125e-03
6.417036056518554688e-03
1.438069343566894531e-02
4.679918289184570312e-03
7.872104644775390625e-03
7.720708847045898438e-03
1.801753044128417969e-02
1.913356781005859375e-02
6.879329681396484375e-03
1.318526268005371094e-02
6.277322769165039062e-03
8.499145507812500000e-03
1.334691047668457031e-02
6.174087524414062500e-03
7.302045822143554688e-03
4.969120025634765625e-03
2.213025093078613281e-02
9.650230407714843750e-03
7.074594497680664062e-03
9.507179260253906250e-03
8.329391479492187500e-03
8.814096450805664062e-03
2.503061294555664062e-02
5.399703979492187500e-03
2.238392829895019531e-02
7.770776748657226562e-03
8.363723754882812500e-03
8.104324340820312500e-03
7.200241088867187500e-03
2.091002464294433594e-02
3.887248039245605469e-02
5.308389663696289062e-03
3.180384635925292969e-02
1.483488082885742188e-02
6.718635559082031250e-03
1.133680343627929688e-02
5.096435546875000000e-03
2.827906608581542969e-02
9.936332702636718750e-03
7.254838943481445312e-03
1.062130928039550781e-02
6.999731063842773438e-03
4.346346855163574219e-02
5.829954147338867188e-02
4.131793975830078125e-03
1.914143562316894531e-02
6.730079650878906250e-03
1.391768455505371094e-02
2.775454521179199219e-02
5.272150039672851562e-03
1.652431488037109375e-02
6.775617599487304688e-03
5.840301513671875000e-03
6.854295730590820312e-03
5.277872085571289062e-03
1.630187034606933594e-02
1.805043220520019531e-02
7.544994354248046875e-03
2.041769027709960938e-02
6.830692291259765625e-03
1.624107360839843750e-02
7.993698120117187500e-03
4.094600677490234375e-03
1.489162445068359375e-02
4.974603652954101562e-03
1.686048507690429688e-02
9.550333023071289062e-03
7.844686508178710938e-03
1.209807395935058594e-02
6.911277770996093750e-03
9.346246719360351562e-03
7.437467575073242188e-03
7.165431976318359375e-03
6.076097488403320312e-03
7.415056228637695312e-03
2.486610412597656250e-02
6.651401519775390625e-03
1.812267303466796875e-02
2.262520790100097656e-02
5.305767059326171875e-03
1.722884178161621094e-02
7.657289505004882812e-03
2.381849288940429688e-02
2.239036560058593750e-02
7.182359695434570312e-03
6.746530532836914062e-03
5.353927612304687500e-03
4.001855850219726562e-02
1.736307144165039062e-02
3.998684883117675781e-02
1.007986068725585938e-02
7.513999938964843750e-03
4.481244087219238281e-02
7.164955139160156250e-03
2.516055107116699219e-02
1.420068740844726562e-02
5.308151245117187500e-03
1.021361351013183594e-02
5.677461624145507812e-03
3.589057922363281250e-02
7.232904434204101562e-03
5.532503128051757812e-03
2.263116836547851562e-02
6.507635116577148438e-03
2.672266960144042969e-02
5.930662155151367188e-03
2.831411361694335938e-02
2.673745155334472656e-02
7.165670394897460938e-03
1.470828056335449219e-02
6.698131561279296875e-03
8.340835571289062500e-03
8.614301681518554688e-03
5.572319030761718750e-03
1.959538459777832031e-02
8.027791976928710938e-03
1.920247077941894531e-02
2.039813995361328125e-02
7.503986358642578125e-03
3.546261787414550781e-02
7.194757461547851562e-03
5.079746246337890625e-03
1.920771598815917969e-02
5.469560623168945312e-03
3.176498413085937500e-02
8.459091186523437500e-03
6.846427917480468750e-03
2.467131614685058594e-02
6.525278091430664062e-03
1.026368141174316406e-02
8.130073547363281250e-03
7.285356521606445312e-03
2.860188484191894531e-02
6.741762161254882812e-03
2.066016197204589844e-02
7.751941680908203125e-03
7.981538772583007812e-03
2.427411079406738281e-02
5.274057388305664062e-03
1.126289367675781250e-02
8.277177810668945312e-03
7.590055465698242188e-03
9.781360626220703125e-03
5.800485610961914062e-03
1.214289665222167969e-02
7.177352905273437500e-03
1.054310798645019531e-02
2.912807464599609375e-02
5.424499511718750000e-03
6.483078002929687500e-03
5.692243576049804688e-03
1.740121841430664062e-02
9.313344955444335938e-03
7.745265960693359375e-03
9.376287460327148438e-03
6.481170654296875000e-03
1.421666145324707031e-02
8.538246154785156250e-03
4.741907119750976562e-03
3.688931465148925781e-02
7.152795791625976562e-03
5.585670471191406250e-03
1.094579696655273438e-02
4.088878631591796875e-03
1.932501792907714844e-02
6.838798522949218750e-03
8.891105651855468750e-03
2.398848533630371094e-02
5.995988845825195312e-03
1.068115234375000000e-02
8.238792419433593750e-03
4.436492919921875000e-03
1.529598236083984375e-02
6.878852844238281250e-03
5.871963500976562500e-02
7.856369018554687500e-03
5.596876144409179688e-03
1.560091972351074219e-02
6.794929504394531250e-03
6.704330444335937500e-03
6.764411926269531250e-03
1.831555366516113281e-02
6.921768188476562500e-03
7.762908935546875000e-03
1.913762092590332031e-02
5.345106124877929688e-03
3.727149963378906250e-02
4.270553588867187500e-03
1.032757759094238281e-02
7.787227630615234375e-03
4.176378250122070312e-03
1.243901252746582031e-02
4.990339279174804688e-03
5.694150924682617188e-03
5.224943161010742188e-03
2.526736259460449219e-02
1.969957351684570312e-02
4.569292068481445312e-03
3.540086746215820312e-02
7.061481475830078125e-03
1.775884628295898438e-02
8.156061172485351562e-03
3.079986572265625000e-02
1.144194602966308594e-02
6.091499328613281250e-02
3.327751159667968750e-02
7.615566253662109375e-03
2.918696403503417969e-02
2.815651893615722656e-02
4.981517791748046875e-03
2.062726020812988281e-02
7.234573364257812500e-03
2.534818649291992188e-02
1.291871070861816406e-02
6.496191024780273438e-03
3.226208686828613281e-02
6.886243820190429688e-03
1.826643943786621094e-02
2.345418930053710938e-02
6.787776947021484375e-03
1.368999481201171875e-02
5.300283432006835938e-03
1.384973526000976562e-02
1.528406143188476562e-02
4.012107849121093750e-03
8.809566497802734375e-03
4.795074462890625000e-03
4.901289939880371094e-02
7.005453109741210938e-03
4.146575927734375000e-03
2.453970909118652344e-02
4.088401794433593750e-03
2.841782569885253906e-02
7.409572601318359375e-03
6.500005722045898438e-03
1.960754394531250000e-02
7.138490676879882812e-03
2.740454673767089844e-02
7.505655288696289062e-03
6.321430206298828125e-03
8.176088333129882812e-03
5.110979080200195312e-03
2.437043190002441406e-02
7.732152938842773438e-03
5.119562149047851562e-03
1.342463493347167969e-02
7.483243942260742188e-03
7.838487625122070312e-03
3.659749031066894531e-02
5.163431167602539062e-03
9.773492813110351562e-03
5.329847335815429688e-03
2.933669090270996094e-02
1.772236824035644531e-02
4.901885986328125000e-03
1.564455032348632812e-02
5.898952484130859375e-03
5.638837814331054688e-03
3.308153152465820312e-02
5.652427673339843750e-03
7.610082626342773438e-03
6.966352462768554688e-03
2.934408187866210938e-02
4.517197608947753906e-02
2.604961395263671875e-02
1.733326911926269531e-02
7.155656814575195312e-03
2.577614784240722656e-02
1.595926284790039062e-02
4.555463790893554688e-03
2.121067047119140625e-02
7.036209106445312500e-03
5.633831024169921875e-03
1.819944381713867188e-02
5.564451217651367188e-03
1.159930229187011719e-02
6.606817245483398438e-03
9.370803833007812500e-03
9.963035583496093750e-03
5.859851837158203125e-03
6.903171539306640625e-03
9.805917739868164062e-03
5.186080932617187500e-03
1.474809646606445312e-02
5.292177200317382812e-03
2.679824829101562500e-02
7.757902145385742188e-03
4.029512405395507812e-03
4.989266395568847656e-02
4.091501235961914062e-03
1.261949539184570312e-02
6.972312927246093750e-03
1.734137535095214844e-02
3.359460830688476562e-02
4.909515380859375000e-03
5.355596542358398438e-03
5.249023437500000000e-03
7.726192474365234375e-03
8.515596389770507812e-03
5.104064941406250000e-03
1.420617103576660156e-02
6.922006607055664062e-03
1.957416534423828125e-02
8.821249008178710938e-03
6.236553192138671875e-03
3.308963775634765625e-02
5.941867828369140625e-03
2.413868904113769531e-02
7.565021514892578125e-03
5.600214004516601562e-03
1.012635231018066406e-02
3.861188888549804688e-03
1.085853576660156250e-02
3.903007507324218750e-02
6.386280059814453125e-03
2.280044555664062500e-02
8.762598037719726562e-03
5.438804626464843750e-03
1.151490211486816406e-02
6.812572479248046875e-03
2.007722854614257812e-02
9.447574615478515625e-03
7.473707199096679688e-03
2.946472167968750000e-02
7.406711578369140625e-03
5.025386810302734375e-03
7.493019104003906250e-03
5.500316619873046875e-03
1.654005050659179688e-02
7.305622100830078125e-03
9.272336959838867188e-03
1.055526733398437500e-02
3.930568695068359375e-03
5.217623710632324219e-02
1.576995849609375000e-02
5.504369735717773438e-03
6.957054138183593750e-03
7.305860519409179688e-03
5.643129348754882812e-03
1.463747024536132812e-02
5.018472671508789062e-03
4.806780815124511719e-02
3.474307060241699219e-02
4.725456237792968750e-03
1.026535034179687500e-02
4.816532135009765625e-03
1.366162300109863281e-02
1.230096817016601562e-02
5.295038223266601562e-03
8.651971817016601562e-03
4.559040069580078125e-03
2.821898460388183594e-02
2.666354179382324219e-02
4.555463790893554688e-03
1.309442520141601562e-02
6.891965866088867188e-03
4.235506057739257812e-03
1.687598228454589844e-02
4.077434539794921875e-03
9.894132614135742188e-03
6.854772567749023438e-03
1.380085945129394531e-02
5.113291740417480469e-02
6.233930587768554688e-03
7.193565368652343750e-03
5.356788635253906250e-03
9.096145629882812500e-03
2.014827728271484375e-02
5.250692367553710938e-03
1.135206222534179688e-02
6.481409072875976562e-03
8.040189743041992188e-03
6.863832473754882812e-03
6.955146789550781250e-03
1.446795463562011719e-02
6.763696670532226562e-03
9.242296218872070312e-03
5.678892135620117188e-03
6.874799728393554688e-03
2.460050582885742188e-02
3.078508377075195312e-02
3.996968269348144531e-02
7.345199584960937500e-03
1.786017417907714844e-02
1.403737068176269531e-02
6.571054458618164062e-03
8.955001831054687500e-03
2.974247932434082031e-02
4.537343978881835938e-03
9.720325469970703125e-03
5.914688110351562500e-03
1.832890510559082031e-02
7.380247116088867188e-03
7.286787033081054688e-03
2.846145629882812500e-02
6.787061691284179688e-03
7.236480712890625000e-03
2.459955215454101562e-02
4.498481750488281250e-03
1.011586189270019531e-02
8.890151977539062500e-03
7.435798645019531250e-03
1.624345779418945312e-02
4.504442214965820312e-03
3.305029869079589844e-02
4.756927490234375000e-03
8.999824523925781250e-03
3.149724006652832031e-02
5.634307861328125000e-03
1.159214973449707031e-02
7.145166397094726562e-03
5.171537399291992188e-03
5.830287933349609375e-03
4.407405853271484375e-03
6.302356719970703125e-03
4.044055938720703125e-03
1.224613189697265625e-02
1.490139961242675781e-02
4.166126251220703125e-03
2.893042564392089844e-02
5.573272705078125000e-03
3.993988037109375000e-03
1.535391807556152344e-02
3.983497619628906250e-03
1.270532608032226562e-02
4.015684127807617188e-03
2.287316322326660156e-02
2.385258674621582031e-02
3.972053527832031250e-03
2.804398536682128906e-02
6.606340408325195312e-03
4.824161529541015625e-03
1.977705955505371094e-02
7.337808609008789062e-03
1.715874671936035156e-02
7.148265838623046875e-03
5.011081695556640625e-03
2.481389045715332031e-02
4.926204681396484375e-03
2.720046043395996094e-02
2.531337738037109375e-02
5.865097045898437500e-03
1.281237602233886719e-02
5.516529083251953125e-03
9.156942367553710938e-03
2.136516571044921875e-02
5.315065383911132812e-03
5.190277099609375000e-02
8.664608001708984375e-03
1.037240028381347656e-02
1.266288757324218750e-02
8.483171463012695312e-03
1.337742805480957031e-02
6.484746932983398438e-03
1.702928543090820312e-02
8.865118026733398438e-03
7.019281387329101562e-03
3.366065025329589844e-02
4.345178604125976562e-03
2.556157112121582031e-02
7.653474807739257812e-03
2.881121635437011719e-02
3.608274459838867188e-02
4.310369491577148438e-03
2.980542182922363281e-02
4.101514816284179688e-03
3.124165534973144531e-02
7.733106613159179688e-03
3.029394149780273438e-02
8.549690246582031250e-03
4.274845123291015625e-03
5.864405632019042969e-02
7.614135742187500000e-03
1.344799995422363281e-02
6.996393203735351562e-03
4.548788070678710938e-03
2.354192733764648438e-02
7.492065429687500000e-03
3.040552139282226562e-02
7.977008819580078125e-03
7.361650466918945312e-03
5.829572677612304688e-03
5.041360855102539062e-03
5.944252014160156250e-03
4.429984092712402344e-02
5.956649780273437500e-03
1.445531845092773438e-02
7.390975952148437500e-03
7.209539413452148438e-03
1.129746437072753906e-02
6.052494049072265625e-03
3.421854972839355469e-02
2.204489707946777344e-02
4.252195358276367188e-03
3.069376945495605469e-02
7.977485656738281250e-03
2.594971656799316406e-02
1.957702636718750000e-02
2.634906768798828125e-02
1.559114456176757812e-02
5.252599716186523438e-03
2.602720260620117188e-02
8.473634719848632812e-03
1.426815986633300781e-02
9.286642074584960938e-03
3.860712051391601562e-03
1.839399337768554688e-02
6.654977798461914062e-03
5.779266357421875000e-03
7.499217987060546875e-03
3.956794738769531250e-03
7.682085037231445312e-03
6.836891174316406250e-03
2.432250976562500000e-02
1.252484321594238281e-02
4.062414169311523438e-03
8.836030960083007812e-03
5.367994308471679688e-03
1.275253295898437500e-02
8.080005645751953125e-03
5.319118499755859375e-03
4.609084129333496094e-02
5.414009094238281250e-03
3.403782844543457031e-02
1.461052894592285156e-02
5.542278289794921875e-03
2.206969261169433594e-02
4.127502441406250000e-03
6.565332412719726562e-03
9.874820709228515625e-03
6.104707717895507812e-03
9.033203125000000000e-03
5.039215087890625000e-03
3.160572052001953125e-02
1.256799697875976562e-02
5.245685577392578125e-03
3.218460083007812500e-02
6.142854690551757812e-03
1.476478576660156250e-02
1.243567466735839844e-02
5.489110946655273438e-03
7.957935333251953125e-03
6.332397460937500000e-03
1.371860504150390625e-02
2.085781097412109375e-02
4.620552062988281250e-03
7.381439208984375000e-03
9.851932525634765625e-03
1.087689399719238281e-02
6.999492645263671875e-03
4.036903381347656250e-03
1.436209678649902344e-02
5.119323730468750000e-03
9.043455123901367188e-03
2.365207672119140625e-02
7.143259048461914062e-03
1.661181449890136719e-02
7.868528366088867188e-03
1.883196830749511719e-02
3.898048400878906250e-02
5.856513977050781250e-03
1.307129859924316406e-02
7.202148437500000000e-03
5.471706390380859375e-03
5.743265151977539062e-03
5.217790603637695312e-03
1.566195487976074219e-02
5.902528762817382812e-03
6.688833236694335938e-03
1.028442382812500000e-02
6.062984466552734375e-03
5.902290344238281250e-03
1.966333389282226562e-02
5.388259887695312500e-03
2.033758163452148438e-02
8.257150650024414062e-03
1.020288467407226562e-02
7.140874862670898438e-03
7.874488830566406250e-03
2.585697174072265625e-02
2.839708328247070312e-02
1.189184188842773438e-02
4.398822784423828125e-03
4.478693008422851562e-03
3.951740264892578125e-02
5.128622055053710938e-03
4.802227020263671875e-03
6.916522979736328125e-03
5.360603332519531250e-03
1.696348190307617188e-02
7.646083831787109375e-03
7.919549942016601562e-03
2.079057693481445312e-02
5.400419235229492188e-03
2.841877937316894531e-02
7.697582244873046875e-03
7.627487182617187500e-03
1.899647712707519531e-02
5.276918411254882812e-03
1.135182380676269531e-02
6.775379180908203125e-03
2.581691741943359375e-02
1.550078392028808594e-02
5.396127700805664062e-03
4.143142700195312500e-02
7.082462310791015625e-03
2.530074119567871094e-02
1.738810539245605469e-02
5.722522735595703125e-03
3.491640090942382812e-02
6.813287734985351562e-03
2.634167671203613281e-02
1.734352111816406250e-02
5.321502685546875000e-03
1.423835754394531250e-02
9.538888931274414062e-03
2.318978309631347656e-02
9.465694427490234375e-03
2.087497711181640625e-02
1.002597808837890625e-02
5.444765090942382812e-03
1.839351654052734375e-02
1.712751388549804688e-02
4.742860794067382812e-03
1.118135452270507812e-02
7.112264633178710938e-03
3.693771362304687500e-02
7.227182388305664062e-03
7.565498352050781250e-03
6.169557571411132812e-03
4.508256912231445312e-03
2.311086654663085938e-02
1.445865631103515625e-02
4.135131835937500000e-03
1.467442512512207031e-02
5.722522735595703125e-03
2.117300033569335938e-02
9.539365768432617188e-03
5.503654479980468750e-03
1.411676406860351562e-02
5.313634872436523438e-03
1.801586151123046875e-02
6.845951080322265625e-03
4.581928253173828125e-03
5.996704101562500000e-03
3.911495208740234375e-03
1.710677146911621094e-02
7.779359817504882812e-03
4.331111907958984375e-03
1.484823226928710938e-02
3.998279571533203125e-03
9.472846984863281250e-03
5.706071853637695312e-03
8.137464523315429688e-03
7.924556732177734375e-03
5.652189254760742188e-03
2.304577827453613281e-02
7.394075393676757812e-03
9.067773818969726562e-03
9.699106216430664062e-03
4.303455352783203125e-03
2.430009841918945312e-02
4.839539527893066406e-02
6.949663162231445312e-03
7.249116897583007812e-03
4.455566406250000000e-03
1.276564598083496094e-02
1.323556900024414062e-02
6.821870803833007812e-03
1.388573646545410156e-02
5.985975265502929688e-03
2.235746383666992188e-02
3.889417648315429688e-02
4.802250862121582031e-02
2.178907394409179688e-02
6.803989410400390625e-03
8.515357971191406250e-03
1.483774185180664062e-02
5.867958068847656250e-03
1.587986946105957031e-02
6.057262420654296875e-03
2.169704437255859375e-02
1.027441024780273438e-02
4.983186721801757812e-03
2.112460136413574219e-02
6.132602691650390625e-03
1.646804809570312500e-02
1.419687271118164062e-02
4.893064498901367188e-03
2.665734291076660156e-02
7.064342498779296875e-03
1.411247253417968750e-02
5.650520324707031250e-03
6.787061691284179688e-03
1.065683364868164062e-02
7.302761077880859375e-03
1.402926445007324219e-02
6.098270416259765625e-03
4.194736480712890625e-03
9.540557861328125000e-03
7.126808166503906250e-03
5.019664764404296875e-03
3.509473800659179688e-02
6.657838821411132812e-03
1.478719711303710938e-02
8.055210113525390625e-03
8.723735809326171875e-03
7.378339767456054688e-03
5.623579025268554688e-03
3.086137771606445312e-02
1.504540443420410156e-02
5.789041519165039062e-03
1.967167854309082031e-02
5.654573440551757812e-03
9.072542190551757812e-03
3.119540214538574219e-02
4.347324371337890625e-02
5.796432495117187500e-03
6.862401962280273438e-03
5.561113357543945312e-03
6.805419921875000000e-03
5.327701568603515625e-03
1.205420494079589844e-02
6.788492202758789062e-03
2.672338485717773438e-02
1.383876800537109375e-02
5.820751190185546875e-03
1.807332038879394531e-02
8.043289184570312500e-03
3.564715385437011719e-02
9.154558181762695312e-03
4.756450653076171875e-03
3.522491455078125000e-02
7.154226303100585938e-03
9.347438812255859375e-03
1.269412040710449219e-02
5.918025970458984375e-03
6.896018981933593750e-03
5.393505096435546875e-03
6.631135940551757812e-03
2.961969375610351562e-02
5.476713180541992188e-03
9.742498397827148438e-03
7.344007492065429688e-03
7.251262664794921875e-03
2.480387687683105469e-02
6.492137908935546875e-03
2.122902870178222656e-02
9.063482284545898438e-03
6.968975067138671875e-03
3.261399269104003906e-02
5.981445312500000000e-03
1.622080802917480469e-02
9.186029434204101562e-03
4.191875457763671875e-03
1.861238479614257812e-02
4.927635192871093750e-03
7.827997207641601562e-03
6.607532501220703125e-03
1.665115356445312500e-02
8.295774459838867188e-03
5.989074707031250000e-03
1.096963882446289062e-02
4.544258117675781250e-03
3.165435791015625000e-02
4.135608673095703125e-03
1.255154609680175781e-02
1.462173461914062500e-02
4.213809967041015625e-03
5.099296569824218750e-03
4.194259643554687500e-03
2.657771110534667969e-02
7.482528686523437500e-03
6.887197494506835938e-03
3.848814964294433594e-02
4.436254501342773438e-03
1.587152481079101562e-02
8.294343948364257812e-03
3.681206703186035156e-02
1.282596588134765625e-02
6.612062454223632812e-03
7.297039031982421875e-03
4.189968109130859375e-03
2.297377586364746094e-02
6.506419181823730469e-02
4.163265228271484375e-03
1.365995407104492188e-02
4.584074020385742188e-03
1.116180419921875000e-02
1.234841346740722656e-02
2.704429626464843750e-02
1.820516586303710938e-02
7.490396499633789062e-03
1.499080657958984375e-02
8.948326110839843750e-03
4.635095596313476562e-03
2.666449546813964844e-02
5.672693252563476562e-03
7.246494293212890625e-03
1.753878593444824219e-02
6.130218505859375000e-03
1.407885551452636719e-02
6.772041320800781250e-03
1.606369018554687500e-02
1.913309097290039062e-02
4.999876022338867188e-03
9.596347808837890625e-03
4.711151123046875000e-03
1.697778701782226562e-02
1.459717750549316406e-02
5.666255950927734375e-03
9.952783584594726562e-03
5.646228790283203125e-03
8.746862411499023438e-03
9.036540985107421875e-03
4.970073699951171875e-03
7.383346557617187500e-03
6.546974182128906250e-03
5.058407783508300781e-02
1.559972763061523438e-02
7.153987884521484375e-03
2.631568908691406250e-02
5.361318588256835938e-03
3.792262077331542969e-02
1.473402976989746094e-02
4.548072814941406250e-03
2.042245864868164062e-02
1.864004135131835938e-02
5.059480667114257812e-03
7.327079772949218750e-03
5.379915237426757812e-03
2.346396446228027344e-02
8.175849914550781250e-03
5.580902099609375000e-03
1.892018318176269531e-02
4.533290863037109375e-03
1.127219200134277344e-02
2.636909484863281250e-02
4.098653793334960938e-03
1.438760757446289062e-02
5.123376846313476562e-03
1.269626617431640625e-02
7.899999618530273438e-03
8.290767669677734375e-03
2.404451370239257812e-02
5.466461181640625000e-03
1.308059692382812500e-02
7.961988449096679688e-03
2.609038352966308594e-02
2.407002449035644531e-02
5.482673645019531250e-03
9.537220001220703125e-03
9.369134902954101562e-03
5.896329879760742188e-03
2.301812171936035156e-02
7.837772369384765625e-03
5.625247955322265625e-03
1.410746574401855469e-02
4.862070083618164062e-03
2.174496650695800781e-02
5.806684494018554688e-03
1.058077812194824219e-02
3.050494194030761719e-02
6.023168563842773438e-03
2.985477447509765625e-02
7.531881332397460938e-03
4.902839660644531250e-03
2.175259590148925781e-02
5.604743957519531250e-03
1.245832443237304688e-02
7.995128631591796875e-03
6.701231002807617188e-03
9.337186813354492188e-03
5.433320999145507812e-03
1.397347450256347656e-02
1.626801490783691406e-02
5.405187606811523438e-03
2.590346336364746094e-02
4.797935485839843750e-03
6.516456604003906250e-03
9.170055389404296875e-03
6.950855255126953125e-03
1.663994789123535156e-02
4.215717315673828125e-03
7.156372070312500000e-03
8.870124816894531250e-03
3.985404968261718750e-03
2.804112434387207031e-02
4.319906234741210938e-03
1.952052116394042969e-02
6.968259811401367188e-03
8.021831512451171875e-03
3.255867958068847656e-02
4.159927368164062500e-03
1.139521598815917969e-02
1.652336120605468750e-02
3.998279571533203125e-03
1.073145866394042969e-02
5.455493927001953125e-03
1.046276092529296875e-02
1.659059524536132812e-02
3.977537155151367188e-03
1.471590995788574219e-02
4.036426544189453125e-03
9.878873825073242188e-03
2.572154998779296875e-02
1.999998092651367188e-02
4.076600074768066406e-02
4.847121238708496094e-02
1.131129264831542969e-02
4.848647117614746094e-02
4.312515258789062500e-03
1.114153861999511719e-02
4.081010818481445312e-03
9.319067001342773438e-03
8.406400680541992188e-03
3.877878189086914062e-03
5.874395370483398438e-02
4.038572311401367188e-03
1.532626152038574219e-02
7.007360458374023438e-03
4.075527191162109375e-03
2.157354354858398438e-02
3.959655761718750000e-03
2.943134307861328125e-02
6.769657135009765625e-03
5.516290664672851562e-03
7.430315017700195312e-03
5.180597305297851562e-03
2.602887153625488281e-02
6.620645523071289062e-03
3.909587860107421875e-03
4.801511764526367188e-03
4.091978073120117188e-03
1.906895637512207031e-02
6.824016571044921875e-03
9.842395782470703125e-03
1.647567749023437500e-02
6.557226181030273438e-03
2.978825569152832031e-02
6.625890731811523438e-03
1.478719711303710938e-02
7.065057754516601562e-03
4.151582717895507812e-03
9.109020233154296875e-03
8.671283721923828125e-03
5.658626556396484375e-03
1.299619674682617188e-02
4.072427749633789062e-03
2.773118019104003906e-02
7.118225097656250000e-03
4.825353622436523438e-03
9.308099746704101562e-03
5.539178848266601562e-03
1.617145538330078125e-02
4.719543457031250000e-02
7.468461990356445312e-03
9.350776672363281250e-03
5.634069442749023438e-03
5.954265594482421875e-03
3.555917739868164062e-02
4.824876785278320312e-03
3.192782402038574219e-02
5.118370056152343750e-03
1.875281333923339844e-02
2.989554405212402344e-02
3.934907913208007812e-02
2.045869827270507812e-02
5.585670471191406250e-03
5.642890930175781250e-03
2.638578414916992188e-02
3.863334655761718750e-03
6.835937500000000000e-03
1.856040954589843750e-02
4.146099090576171875e-03
7.681608200073242188e-03
4.038810729980468750e-03
8.027553558349609375e-03
4.106354713439941406e-02
6.498098373413085938e-03
9.652614593505859375e-03
7.710695266723632812e-03
8.110046386718750000e-03
8.914232254028320312e-03
5.707263946533203125e-03
8.866786956787109375e-03
1.401686668395996094e-02
5.176067352294921875e-03
1.418089866638183594e-02
5.095720291137695312e-03
4.226684570312500000e-03
2.068710327148437500e-02
5.237340927124023438e-03
9.503126144409179688e-03
9.194612503051757812e-03
7.555723190307617188e-03
1.506280899047851562e-02
5.640506744384765625e-03
9.819269180297851562e-03
3.157949447631835938e-02
4.155635833740234375e-03
1.618885993957519531e-02
5.324363708496093750e-03
7.868766784667968750e-03
3.131437301635742188e-02
1.737403869628906250e-02
7.653951644897460938e-03
7.563829421997070312e-03
7.019996643066406250e-03
1.173901557922363281e-02
5.220890045166015625e-03
7.443666458129882812e-03
1.745200157165527344e-02
5.680322647094726562e-03
1.588821411132812500e-02
3.884315490722656250e-03
8.756399154663085938e-03
7.391691207885742188e-03
5.515098571777343750e-03
1.438045501708984375e-02
5.097866058349609375e-03
4.181146621704101562e-03
1.237940788269042969e-02
7.086038589477539062e-03
5.596232414245605469e-02
7.950544357299804688e-03
5.276679992675781250e-03
6.996393203735351562e-03
7.038354873657226562e-03
2.624964714050292969e-02
6.783008575439453125e-03
7.892608642578125000e-03
2.177453041076660156e-02
7.051467895507812500e-03
1.756596565246582031e-02
1.109266281127929688e-02
4.077672958374023438e-03
8.463382720947265625e-03
8.772134780883789062e-03
4.921913146972656250e-03
2.234292030334472656e-02
6.145715713500976562e-03
1.047229766845703125e-02
1.484632492065429688e-02
6.716728210449218750e-03
1.696491241455078125e-02
7.738113403320312500e-03
7.112979888916015625e-03
1.003360748291015625e-02
6.468296051025390625e-03
7.639408111572265625e-03
7.357358932495117188e-03
5.809545516967773438e-03
7.716655731201171875e-03
4.091024398803710938e-03
6.839513778686523438e-03
1.364612579345703125e-02
3.821849822998046875e-03
6.508350372314453125e-03
6.641149520874023438e-03
3.102302551269531250e-02
1.932668685913085938e-02
3.747940063476562500e-03
2.175307273864746094e-02
7.395029067993164062e-03
5.019664764404296875e-03
1.174902915954589844e-02
5.028009414672851562e-03
2.235341072082519531e-02
9.348154067993164062e-03
5.934476852416992188e-03
1.837944984436035156e-02
3.842353820800781250e-03
1.168775558471679688e-02
1.123070716857910156e-02
6.041049957275390625e-03
1.249456405639648438e-02
7.156133651733398438e-03
4.714250564575195312e-03
2.043342590332031250e-02
5.254983901977539062e-03
1.098871231079101562e-02
1.005721092224121094e-02
6.346702575683593750e-03
1.277303695678710938e-02
4.578113555908203125e-03
5.418777465820312500e-03
7.207155227661132812e-03
4.092216491699218750e-03
8.065462112426757812e-03
7.693290710449218750e-03
5.981445312500000000e-03
1.192116737365722656e-02
5.007982254028320312e-03
6.364583969116210938e-03
1.287531852722167969e-02
3.893613815307617188e-03
2.465105056762695312e-02
3.882646560668945312e-03
3.761053085327148438e-03
1.454734802246093750e-02
3.888130187988281250e-03
2.619624137878417969e-02
9.377479553222656250e-03
3.842592239379882812e-03
1.461076736450195312e-02
6.742000579833984375e-03
3.983020782470703125e-03
2.741861343383789062e-02
3.758668899536132812e-03
2.851343154907226562e-02
9.464979171752929688e-03
4.333972930908203125e-03
3.561377525329589844e-02
7.222652435302734375e-03
3.944158554077148438e-03
1.002407073974609375e-02
5.059957504272460938e-03
9.956836700439453125e-03
7.236480712890625000e-03
5.256175994873046875e-03
2.682781219482421875e-02
4.183292388916015625e-03
4.158735275268554688e-03
4.340171813964843750e-03
4.218101501464843750e-03
7.006168365478515625e-03
7.494211196899414062e-03
4.049539566040039062e-03
1.061177253723144531e-02
3.894567489624023438e-03
8.047819137573242188e-03
7.044553756713867188e-03
3.972768783569335938e-03
5.563735961914062500e-03
3.877878189086914062e-03
2.210068702697753906e-02
1.396417617797851562e-02
3.863573074340820312e-03
1.030302047729492188e-02
3.913879394531250000e-03
2.477383613586425781e-02
4.594540596008300781e-02
1.221394538879394531e-02
1.685214042663574219e-02
5.596399307250976562e-03
5.522012710571289062e-03
1.140356063842773438e-02
4.741907119750976562e-03
7.012367248535156250e-03
2.487564086914062500e-02
4.024267196655273438e-03
2.148532867431640625e-02
1.373934745788574219e-02
4.074811935424804688e-03
1.438736915588378906e-02
5.366086959838867188e-03
4.020214080810546875e-03
9.935140609741210938e-03
6.384611129760742188e-03
1.887249946594238281e-02
7.216930389404296875e-03
2.501678466796875000e-02
4.673385620117187500e-02
7.094860076904296875e-03
1.071786880493164062e-02
5.220174789428710938e-03
4.400730133056640625e-03
2.659606933593750000e-02
5.471229553222656250e-03
5.594968795776367188e-03
7.256984710693359375e-03
5.841732025146484375e-03
6.965875625610351562e-03
2.820444107055664062e-02
3.969907760620117188e-03
5.023002624511718750e-03
3.866672515869140625e-03
6.079196929931640625e-03
7.043361663818359375e-03
3.866672515869140625e-03
9.677648544311523438e-03
6.842851638793945312e-03
5.064249038696289062e-03
1.093673706054687500e-02
4.922151565551757812e-03
1.410603523254394531e-02
7.890224456787109375e-03
5.271196365356445312e-03
2.144575119018554688e-02
6.901741027832031250e-03
3.343319892883300781e-02
7.819652557373046875e-03
5.299329757690429688e-03
1.523137092590332031e-02
5.258560180664062500e-03
6.989955902099609375e-03
7.370471954345703125e-03
3.966093063354492188e-03
2.526354789733886719e-02
7.173538208007812500e-03
3.878736495971679688e-02
1.941919326782226562e-02
3.676176071166992188e-03
4.571199417114257812e-03
1.089310646057128906e-02
3.840446472167968750e-03
5.274534225463867188e-03
3.736019134521484375e-03
3.231287002563476562e-02
1.627326011657714844e-02
3.901958465576171875e-03
1.567530632019042969e-02
3.822326660156250000e-03
3.907680511474609375e-03
1.432728767395019531e-02
3.790378570556640625e-03
2.994060516357421875e-02
6.119966506958007812e-03
3.766775131225585938e-03
1.079869270324707031e-02
3.810167312622070312e-03
7.848262786865234375e-03
4.136562347412109375e-03
3.759622573852539062e-03
1.020956039428710938e-02
1.700615882873535156e-02
3.875732421875000000e-03
1.823115348815917969e-02
6.515979766845703125e-03
3.941059112548828125e-03
2.704930305480957031e-02
3.881216049194335938e-03
1.530051231384277344e-02
2.166175842285156250e-02
3.844738006591796875e-03
1.354551315307617188e-02
2.812099456787109375e-02
3.839254379272460938e-03
9.631395339965820312e-03
3.863573074340820312e-03
7.205486297607421875e-03
5.112576484680175781e-02
3.938198089599609375e-03
2.180194854736328125e-02
3.845930099487304688e-03
1.715826988220214844e-02
2.668285369873046875e-02
3.833293914794921875e-03
1.541280746459960938e-02
3.725051879882812500e-03
1.040601730346679688e-02
4.535198211669921875e-03
3.834486007690429688e-03
1.335334777832031250e-02
1.811981201171875000e-02
3.762006759643554688e-03
1.894617080688476562e-02
3.792524337768554688e-03
2.251768112182617188e-02
1.494598388671875000e-02
3.907203674316406250e-03
1.025080680847167969e-02
3.890752792358398438e-03
4.046440124511718750e-03
6.277561187744140625e-03
8.072376251220703125e-03
3.365683555603027344e-02
3.539800643920898438e-02
5.864143371582031250e-03
7.815122604370117188e-03
7.204055786132812500e-03
5.566835403442382812e-03
3.303694725036621094e-02
5.142927169799804688e-03
2.475571632385253906e-02
7.332086563110351562e-03
4.032611846923828125e-03
2.325224876403808594e-02
5.430936813354492188e-03
1.313829421997070312e-02
3.953695297241210938e-03
3.866672515869140625e-03
7.287979125976562500e-03
4.580736160278320312e-03
4.965066909790039062e-03
6.806373596191406250e-03
7.948875427246093750e-03
9.168148040771484375e-03
3.856658935546875000e-03
5.416393280029296875e-03
6.587982177734375000e-03
5.332946777343750000e-03
1.479887962341308594e-02
5.055427551269531250e-03
7.229328155517578125e-03
4.350900650024414062e-03
1.468396186828613281e-02
1.171636581420898438e-02
4.989862442016601562e-03
1.611161231994628906e-02
6.913423538208007812e-03
5.329847335815429688e-03
1.097273826599121094e-02
1.161527633666992188e-02
7.104873657226562500e-03
8.340358734130859375e-03
5.969762802124023438e-03
1.557850837707519531e-02
4.054546356201171875e-03
7.233619689941406250e-03
7.699489593505859375e-03
4.203081130981445312e-03
6.191968917846679688e-03
7.429838180541992188e-03
1.305270195007324219e-02
1.663208007812500000e-02
8.293151855468750000e-03
2.212214469909667969e-02
6.574630737304687500e-03
7.075548171997070312e-03
1.080918312072753906e-02
5.294561386108398438e-03
1.186347007751464844e-02
5.607604980468750000e-03
1.253390312194824219e-02
5.869150161743164062e-03
5.484580993652343750e-03
2.933597564697265625e-02
9.086132049560546875e-03
5.562067031860351562e-03
1.588582992553710938e-02
6.455421447753906250e-03
2.098083496093750000e-02
7.597208023071289062e-03
7.418870925903320312e-03
2.610611915588378906e-02
7.667064666748046875e-03
6.521940231323242188e-03
1.146578788757324219e-02
7.328510284423828125e-03
7.896423339843750000e-03
9.787082672119140625e-03
3.946781158447265625e-03
9.805679321289062500e-03
8.436203002929687500e-03
7.970094680786132812e-03
4.009485244750976562e-03
1.101088523864746094e-02
1.844286918640136719e-02
5.305528640747070312e-03
7.210731506347656250e-03
5.096435546875000000e-03
9.743690490722656250e-03
1.367664337158203125e-02
5.753993988037109375e-03
2.012133598327636719e-02
7.771730422973632812e-03
5.524158477783203125e-03
1.199889183044433594e-02
4.797458648681640625e-03
2.959918975830078125e-02
9.312868118286132812e-03
5.707263946533203125e-03
7.066965103149414062e-03
3.952503204345703125e-03
1.954269409179687500e-02
7.066726684570312500e-03
3.891229629516601562e-03
1.182460784912109375e-02
6.979227066040039062e-03
2.481675148010253906e-02
6.836414337158203125e-03
4.090070724487304688e-03
2.888464927673339844e-02
7.379770278930664062e-03
4.042673110961914062e-02
6.044983863830566406e-02
7.179498672485351562e-03
1.228690147399902344e-02
4.538297653198242188e-03
7.151365280151367188e-03
7.237458229064941406e-02
4.418373107910156250e-03
9.557485580444335938e-03
7.473707199096679688e-03
7.551431655883789062e-03
8.536338806152343750e-03
6.183624267578125000e-03
1.332378387451171875e-02
7.595300674438476562e-03
7.950782775878906250e-03
3.255033493041992188e-02
5.563735961914062500e-03
8.590698242187500000e-03
7.518053054809570312e-03
4.499912261962890625e-03
1.379966735839843750e-02
5.622386932373046875e-03
2.170991897583007812e-02
1.851224899291992188e-02
5.118846893310546875e-03
1.087689399719238281e-02
6.558179855346679688e-03
7.027626037597656250e-03
5.698919296264648438e-03
3.970146179199218750e-03
2.042675018310546875e-02
8.846521377563476562e-03
5.555152893066406250e-03
1.736974716186523438e-02
6.599664688110351562e-03
5.838155746459960938e-03
4.299211502075195312e-02
5.356550216674804688e-03
2.938270568847656250e-02
4.971742630004882812e-03
4.651784896850585938e-03
6.177186965942382812e-03
6.601095199584960938e-03
1.117682456970214844e-02
2.447628974914550781e-02
7.028102874755859375e-03
7.920265197753906250e-03
4.681825637817382812e-03
1.561903953552246094e-02
9.352445602416992188e-03
4.289865493774414062e-03
6.061792373657226562e-03
7.203817367553710938e-03
6.698131561279296875e-03
2.444267272949218750e-02
6.652593612670898438e-03
6.784677505493164062e-03
1.427865028381347656e-02
6.580591201782226562e-03
5.011606216430664062e-02
7.889747619628906250e-03
5.483388900756835938e-03
8.136510848999023438e-03
4.369974136352539062e-03
2.603483200073242188e-02
8.516073226928710938e-03
7.233619689941406250e-03
2.477240562438964844e-02
5.606412887573242188e-03
5.276918411254882812e-03
7.279396057128906250e-03
5.163908004760742188e-03
2.180433273315429688e-02
4.691600799560546875e-03
2.032446861267089844e-02
1.645016670227050781e-02
3.906250000000000000e-03
6.880760192871093750e-03
3.687381744384765625e-03
4.330396652221679688e-03
8.703231811523437500e-03
4.142045974731445312e-03
5.285501480102539062e-03
7.757186889648437500e-03
3.872871398925781250e-03
7.475852966308593750e-03
6.700992584228515625e-03
4.163980484008789062e-03
1.074028015136718750e-02
5.971670150756835938e-03
9.330987930297851562e-03
1.021385192871093750e-02
5.046129226684570312e-03
1.479005813598632812e-02
6.943702697753906250e-03
3.734350204467773438e-03
9.345769882202148438e-03
3.706216812133789062e-03
1.606822013854980469e-02
8.443355560302734375e-03
4.462957382202148438e-03
1.039075851440429688e-02
7.204294204711914062e-03
3.899335861206054688e-03
1.102733612060546875e-02
4.016399383544921875e-03
1.420211791992187500e-02
7.568359375000000000e-03
3.936290740966796875e-03
1.578283309936523438e-02
3.774166107177734375e-03
1.975750923156738281e-02
7.020711898803710938e-03
4.794120788574218750e-03
2.975463867187500000e-02
4.111051559448242188e-03
3.851771354675292969e-02
2.805328369140625000e-02
4.001379013061523438e-02
1.781845092773437500e-02
4.101753234863281250e-03
8.106708526611328125e-03
2.000069618225097656e-02
5.106925964355468750e-03
2.994632720947265625e-02
6.682872772216796875e-03
1.825785636901855469e-02
2.765059471130371094e-02
4.093170166015625000e-03
9.330511093139648438e-03
3.953695297241210938e-03
3.330779075622558594e-02
2.793574333190917969e-02
3.868103027343750000e-03
1.160907745361328125e-02
4.868507385253906250e-03
5.492925643920898438e-03
8.816719055175781250e-03
4.142045974731445312e-03
8.250236511230468750e-03
4.457235336303710938e-03
4.375934600830078125e-03
1.894593238830566406e-02
4.040956497192382812e-03
6.496191024780273438e-03
8.282423019409179688e-03
5.036354064941406250e-03
9.913206100463867188e-03
4.114866256713867188e-03
9.847402572631835938e-03
3.824663162231445312e-02
5.697727203369140625e-03
9.649276733398437500e-03
4.217624664306640625e-03
5.118370056152343750e-03
1.465392112731933594e-02
5.828142166137695312e-03
6.567478179931640625e-03
5.049729347229003906e-02
4.983186721801757812e-03
1.120114326477050781e-02
4.557847976684570312e-03
5.422115325927734375e-03
1.359581947326660156e-02
4.067659378051757812e-03
2.004051208496093750e-02
7.452487945556640625e-03
4.411220550537109375e-03
1.094174385070800781e-02
5.178213119506835938e-03
3.899502754211425781e-02
1.743316650390625000e-02
8.892297744750976562e-03
2.133774757385253906e-02
7.019996643066406250e-03
3.753089904785156250e-02
2.921390533447265625e-02
2.257943153381347656e-02
1.155567169189453125e-02
3.116035461425781250e-02
4.034757614135742188e-03
1.011443138122558594e-02
8.044481277465820312e-03
5.054712295532226562e-03
1.623845100402832031e-02
5.545592308044433594e-02
4.751682281494140625e-03
5.803346633911132812e-03
2.079248428344726562e-02
3.893375396728515625e-03
6.295204162597656250e-03
7.395505905151367188e-03
3.805875778198242188e-03
1.477789878845214844e-02
5.204439163208007812e-03
5.076885223388671875e-03
9.643077850341796875e-03
4.678249359130859375e-03
1.478052139282226562e-02
5.937099456787109375e-03
4.210233688354492188e-03
9.233951568603515625e-03
3.849744796752929688e-03
1.428413391113281250e-02
9.095668792724609375e-03
5.619287490844726562e-03
9.716749191284179688e-03
4.142284393310546875e-03
7.293224334716796875e-03
1.588773727416992188e-02
4.274845123291015625e-03
6.731748580932617188e-03
5.393505096435546875e-03
1.105928421020507812e-02
7.388591766357421875e-03
3.818511962890625000e-03
5.145549774169921875e-03
7.246732711791992188e-03
4.025220870971679688e-03
1.395583152770996094e-02
4.439353942871093750e-03
2.869057655334472656e-02
7.629394531250000000e-03
6.863594055175781250e-03
3.439640998840332031e-02
5.717992782592773438e-03
1.183128356933593750e-02
8.622646331787109375e-03
4.026651382446289062e-03
9.063243865966796875e-03
6.563425064086914062e-03
7.433891296386718750e-03
1.636934280395507812e-02
7.745027542114257812e-03
3.719329833984375000e-02
1.304578781127929688e-02
2.949237823486328125e-02
1.187610626220703125e-02
4.961252212524414062e-03
5.246162414550781250e-03
3.438520431518554688e-02
4.091024398803710938e-03
1.025247573852539062e-02
7.647037506103515625e-03
4.834175109863281250e-03
1.000142097473144531e-02
7.621049880981445312e-03
4.897356033325195312e-03
9.852170944213867188e-03
5.724906921386718750e-03
4.545688629150390625e-03
8.933782577514648438e-03
7.128000259399414062e-03
1.370954513549804688e-02
6.089925765991210938e-03
4.136085510253906250e-03
8.387804031372070312e-03
7.677316665649414062e-03
5.945920944213867188e-03
1.040410995483398438e-02
7.857799530029296875e-03
6.248474121093750000e-03
8.929252624511718750e-03
5.956172943115234375e-03
6.151199340820312500e-03
6.828784942626953125e-03
7.020235061645507812e-03
7.376432418823242188e-03
4.650592803955078125e-03
7.384777069091796875e-03
2.363085746765136719e-02
4.535913467407226562e-03
1.000928878784179688e-02
7.809638977050781250e-03
5.438566207885742188e-03
5.209207534790039062e-03
4.975080490112304688e-03
8.779525756835937500e-03
8.127450942993164062e-03
5.318164825439453125e-03
2.648091316223144531e-02
4.871845245361328125e-03
4.520177841186523438e-03
7.542610168457031250e-03
4.586219787597656250e-03
1.115560531616210938e-02
4.002809524536132812e-03
7.005929946899414062e-03
4.819893836975097656e-02
7.731914520263671875e-03
9.862661361694335938e-03
7.959127426147460938e-03
7.314682006835937500e-03
5.724906921386718750e-03
4.195690155029296875e-03
1.475977897644042969e-02
8.054971694946289062e-03
4.242897033691406250e-03
2.190303802490234375e-02
5.263328552246093750e-03
4.974126815795898438e-03
6.472110748291015625e-03
4.769802093505859375e-03
6.286621093750000000e-03
6.919622421264648438e-03
1.675152778625488281e-02
2.822160720825195312e-02
5.648851394653320312e-03
2.764773368835449219e-02
6.606578826904296875e-03
5.120038986206054688e-03
6.279945373535156250e-03
5.122184753417968750e-03
1.361131668090820312e-02
6.397008895874023438e-03
5.242824554443359375e-03
5.280494689941406250e-03
4.428148269653320312e-03
1.026701927185058594e-02
2.248525619506835938e-02
4.046678543090820312e-03
9.161710739135742188e-03
4.639148712158203125e-03
4.096508026123046875e-03
1.693010330200195312e-02
6.482124328613281250e-03
1.220583915710449219e-02
4.972696304321289062e-03
5.396366119384765625e-03
7.192611694335937500e-03
3.705501556396484375e-03
7.302522659301757812e-03
6.391286849975585938e-03
3.723859786987304688e-03
1.271820068359375000e-02
3.870725631713867188e-03
2.057170867919921875e-02
1.547169685363769531e-02
6.221532821655273438e-03
1.976084709167480469e-02
6.516218185424804688e-03
1.020121574401855469e-02
8.179378509521484375e-02
3.858804702758789062e-03
8.970499038696289062e-03
2.654242515563964844e-02
3.910303115844726562e-03
1.242613792419433594e-02
3.966093063354492188e-03
1.960253715515136719e-02
1.382303237915039062e-02
5.549907684326171875e-03
2.369475364685058594e-02
6.566524505615234375e-03
2.404093742370605469e-02
1.100683212280273438e-02
6.310462951660156250e-03
2.670121192932128906e-02
7.328987121582031250e-03
4.689455032348632812e-03
3.621697425842285156e-02
6.936788558959960938e-03
4.903078079223632812e-03
1.489615440368652344e-02
4.698276519775390625e-03
1.888966560363769531e-02
6.589651107788085938e-03
4.159212112426757812e-03
1.409792900085449219e-02
7.578372955322265625e-03
5.245208740234375000e-03
1.042246818542480469e-02
5.449295043945312500e-03
4.959106445312500000e-03
3.087925910949707031e-02
4.372358322143554688e-03
2.305436134338378906e-02
7.493019104003906250e-03
4.446029663085937500e-03
3.274488449096679688e-02
4.087924957275390625e-03
2.084851264953613281e-02
1.049113273620605469e-02
4.885435104370117188e-03
1.733350753784179688e-02
5.630970001220703125e-03
1.998090744018554688e-02
1.107907295227050781e-02
4.780769348144531250e-03
2.890324592590332031e-02
7.341861724853515625e-03
4.159212112426757812e-03
2.828001976013183594e-02
5.008935928344726562e-03
2.350354194641113281e-02
7.091045379638671875e-03
5.628108978271484375e-03
1.293396949768066406e-02
1.580166816711425781e-02
5.500078201293945312e-03
1.030015945434570312e-02
4.140377044677734375e-03
9.109735488891601562e-03
1.787328720092773438e-02
4.812955856323242188e-03
1.384496688842773438e-02
4.494428634643554688e-03
5.188226699829101562e-03
2.563667297363281250e-02
4.117488861083984375e-03
2.228641510009765625e-02
6.610393524169921875e-03
3.009057044982910156e-02
3.208875656127929688e-02
5.482196807861328125e-03
2.120542526245117188e-02
6.220102310180664062e-03
1.360177993774414062e-02
1.405572891235351562e-02
5.649328231811523438e-03
1.112890243530273438e-02
1.211500167846679688e-02
5.056381225585937500e-03
1.246428489685058594e-02
3.814458847045898438e-03
3.930807113647460938e-03
8.709669113159179688e-03
4.899978637695312500e-03
4.138469696044921875e-03
1.053977012634277344e-02
4.657506942749023438e-03
3.025650978088378906e-02
7.505178451538085938e-03
5.260705947875976562e-03
1.182770729064941406e-02
4.268884658813476562e-03
6.026268005371093750e-03
6.491184234619140625e-03
5.819797515869140625e-03
6.546497344970703125e-03
4.251956939697265625e-03
1.891922950744628906e-02
1.590251922607421875e-02
4.534721374511718750e-03
1.169800758361816406e-02
5.122423171997070312e-03
1.978898048400878906e-02
2.623653411865234375e-02
5.383968353271484375e-03
9.982109069824218750e-03
5.762338638305664062e-03
6.460189819335937500e-03
1.718902587890625000e-02
4.523992538452148438e-03
2.662324905395507812e-02
6.794214248657226562e-03
5.021810531616210938e-03
2.701616287231445312e-02
4.561185836791992188e-03
1.056790351867675781e-02
1.677751541137695312e-02
6.387233734130859375e-03
8.875370025634765625e-03
2.196693420410156250e-02
4.956722259521484375e-03
1.758766174316406250e-02
5.014896392822265625e-03
4.126071929931640625e-03
1.126718521118164062e-02
6.718397140502929688e-03
2.250504493713378906e-02
7.106304168701171875e-03
9.130716323852539062e-03
1.585936546325683594e-02
4.699945449829101562e-03
2.322316169738769531e-02
7.331132888793945312e-03
4.307985305786132812e-03
5.430698394775390625e-03
5.552291870117187500e-03
1.483750343322753906e-02
5.006074905395507812e-03
4.230260848999023438e-03
8.703708648681640625e-03
4.147052764892578125e-03
4.102468490600585938e-03
2.852082252502441406e-02
6.634950637817382812e-03
7.158756256103515625e-03
7.093191146850585938e-03
4.513740539550781250e-03
7.536172866821289062e-03
4.031419754028320312e-03
4.587817192077636719e-02
6.318330764770507812e-03
6.582975387573242188e-03
2.831268310546875000e-02
4.145622253417968750e-03
6.515979766845703125e-03
7.271766662597656250e-03
6.487131118774414062e-03
8.543252944946289062e-03
4.513263702392578125e-03
2.845501899719238281e-02
6.664037704467773438e-03
5.527496337890625000e-03
4.027032852172851562e-02
4.357576370239257812e-03
3.299641609191894531e-02
7.527828216552734375e-03
1.480317115783691406e-02
4.725384712219238281e-02
4.173755645751953125e-03
3.100490570068359375e-02
6.690740585327148438e-03
9.067296981811523438e-03
8.562564849853515625e-03
3.913164138793945312e-03
1.476693153381347656e-02
6.834030151367187500e-03
4.575490951538085938e-03
1.410436630249023438e-02
4.285335540771484375e-03
1.552462577819824219e-02
7.627725601196289062e-03
4.456043243408203125e-03
2.211761474609375000e-02
5.637168884277343750e-03
1.498556137084960938e-02
7.712602615356445312e-03
1.036787033081054688e-02
2.185773849487304688e-02
5.120277404785156250e-03
2.305316925048828125e-02
6.597518920898437500e-03
4.724740982055664062e-03
1.661276817321777344e-02
3.996372222900390625e-03
3.976821899414062500e-02
7.279157638549804688e-03
4.891633987426757812e-03
1.375818252563476562e-02
5.066394805908203125e-03
1.225018501281738281e-02
6.926536560058593750e-03
5.086183547973632812e-03
1.407980918884277344e-02
3.972291946411132812e-03
2.130341529846191406e-02
6.587505340576171875e-03
4.066467285156250000e-03
2.044582366943359375e-02
4.267215728759765625e-03
7.237434387207031250e-03
1.173877716064453125e-02
7.518053054809570312e-03
1.728701591491699219e-02
7.953405380249023438e-03
4.483938217163085938e-03
1.141452789306640625e-02
4.219293594360351562e-03
5.060672760009765625e-03
5.883693695068359375e-03
4.406690597534179688e-03
1.411938667297363281e-02
5.052566528320312500e-02
5.149364471435546875e-03
9.791374206542968750e-03
4.814863204956054688e-03
4.320144653320312500e-03
7.868766784667968750e-03
3.975868225097656250e-03
1.107645034790039062e-02
4.346370697021484375e-03
2.060961723327636719e-02
2.766704559326171875e-02
5.698442459106445312e-03
2.752876281738281250e-02
5.141496658325195312e-03
5.322217941284179688e-03
1.413822174072265625e-02
4.533529281616210938e-03
1.605391502380371094e-02
7.287740707397460938e-03
6.323099136352539062e-03
1.689314842224121094e-02
4.936456680297851562e-03
4.908490180969238281e-02
2.785634994506835938e-02
2.795553207397460938e-02
1.932573318481445312e-02
4.084348678588867188e-03
6.910324096679687500e-03
2.131104469299316406e-02
4.583835601806640625e-03
1.060605049133300781e-02
9.709358215332031250e-03
4.004478454589843750e-03
7.163286209106445312e-03
7.355213165283203125e-03
5.174160003662109375e-03
1.657009124755859375e-02
5.622625350952148438e-03
9.612798690795898438e-03
2.034497261047363281e-02
5.414962768554687500e-03
2.463388442993164062e-02
6.757259368896484375e-03
4.431724548339843750e-03
3.433561325073242188e-02
6.857395172119140625e-03
3.043961524963378906e-02
7.514238357543945312e-03
4.112005233764648438e-03
3.847622871398925781e-02
5.351543426513671875e-03
2.831220626831054688e-02
1.583862304687500000e-02
5.715131759643554688e-03
1.503539085388183594e-02
7.335662841796875000e-03
4.882097244262695312e-03
2.824664115905761719e-02
5.193471908569335938e-03
2.123117446899414062e-02
7.424116134643554688e-03
5.805730819702148438e-03
1.190853118896484375e-02
7.090568542480468750e-03
2.493429183959960938e-02
6.800413131713867188e-03
5.512475967407226562e-03
1.461124420166015625e-02
4.455089569091796875e-03
8.627176284790039062e-03
1.142454147338867188e-02
7.343053817749023438e-03
9.810686111450195312e-03
4.505157470703125000e-03
1.694226264953613281e-02
1.470685005187988281e-02
5.787134170532226562e-03
6.701469421386718750e-03
8.173465728759765625e-03
5.293130874633789062e-03
5.107021331787109375e-02
8.517980575561523438e-03
4.124450683593750000e-02
6.694793701171875000e-03
3.770351409912109375e-03
5.941152572631835938e-03
5.063772201538085938e-03
1.094412803649902344e-02
8.443117141723632812e-03
3.868579864501953125e-03
1.633381843566894531e-02
4.088401794433593750e-03
1.982927322387695312e-02
7.791757583618164062e-03
5.460023880004882812e-03
1.345109939575195312e-02
8.035659790039062500e-03
4.414343833923339844e-02
2.211618423461914062e-02
3.860950469970703125e-03
1.354718208312988281e-02
3.861904144287109375e-03
2.347445487976074219e-02
4.528665542602539062e-02
6.168365478515625000e-03
1.072478294372558594e-02
7.567405700683593750e-03
4.266977310180664062e-03
1.494073867797851562e-02
5.602836608886718750e-03
6.243467330932617188e-03
1.538348197937011719e-02
5.866289138793945312e-03
1.752758026123046875e-02
1.165008544921875000e-02
6.633758544921875000e-03
7.092475891113281250e-03
4.438877105712890625e-03
1.868987083435058594e-02
1.043486595153808594e-02
4.006624221801757812e-03
2.720689773559570312e-02
7.778167724609375000e-03
8.792638778686523438e-03
7.959842681884765625e-03
5.779504776000976562e-03
1.265931129455566406e-02
4.896163940429687500e-03
5.424022674560546875e-03
7.112741470336914062e-03
5.794286727905273438e-03
2.938461303710937500e-02
7.293224334716796875e-03
4.234552383422851562e-03
1.602172851562500000e-02
3.931045532226562500e-03
3.321719169616699219e-02
1.266527175903320312e-02
5.627155303955078125e-03
1.743841171264648438e-02
8.089065551757812500e-03
8.518695831298828125e-03
1.227855682373046875e-02
5.777835845947265625e-03
1.020836830139160156e-02
4.254341125488281250e-03
7.276535034179687500e-03
1.745772361755371094e-02
5.923986434936523438e-03
1.215863227844238281e-02
3.065896034240722656e-02
5.157232284545898438e-03
7.935762405395507812e-03
7.661104202270507812e-03
5.086183547973632812e-03
5.978822708129882812e-03
6.224155426025390625e-03
1.887202262878417969e-02
7.717847824096679688e-03
6.209611892700195312e-03
7.385492324829101562e-03
6.209135055541992188e-03
3.613018989562988281e-02
6.506681442260742188e-03
5.022525787353515625e-03
1.529574394226074219e-02
5.559921264648437500e-03
1.756572723388671875e-02
3.088116645812988281e-02
4.265308380126953125e-03
1.706624031066894531e-02
7.120132446289062500e-03
5.270242691040039062e-03
1.289057731628417969e-02
5.449771881103515625e-03
8.901834487915039062e-03
7.586956024169921875e-03
3.729581832885742188e-03
2.806115150451660156e-02
5.163431167602539062e-03
2.211332321166992188e-02
2.130460739135742188e-02
4.590749740600585938e-03
5.258321762084960938e-03
5.329608917236328125e-03
6.679773330688476562e-03
6.036043167114257812e-03
3.713369369506835938e-03
1.572203636169433594e-02
8.913040161132812500e-03
4.485368728637695312e-03
8.359670639038085938e-03
3.923892974853515625e-03
1.700806617736816406e-02
6.653547286987304688e-03
6.587982177734375000e-03
1.700711250305175781e-02
4.295587539672851562e-03
2.287483215332031250e-02
1.751685142517089844e-02
6.109929084777832031e-02
5.652904510498046875e-03
2.710390090942382812e-02
5.747795104980468750e-03
2.560615539550781250e-02
4.041910171508789062e-03
6.094455718994140625e-03
8.638143539428710938e-03
5.641460418701171875e-03
3.408932685852050781e-02
4.498958587646484375e-03
1.261544227600097656e-02
1.765179634094238281e-02
4.143238067626953125e-03
1.666831970214843750e-02
5.362987518310546875e-03
6.678342819213867188e-03
6.362438201904296875e-03
4.297971725463867188e-03
3.276491165161132812e-02
7.863044738769531250e-03
4.113435745239257812e-03
2.017402648925781250e-02
6.744384765625000000e-03
1.037883758544921875e-02
7.571220397949218750e-03
9.324550628662109375e-03
2.091598510742187500e-02
5.280494689941406250e-03
6.525039672851562500e-03
7.222652435302734375e-03
4.430294036865234375e-03
9.319782257080078125e-03
6.402254104614257812e-03
5.853986740112304688e-02
2.489089965820312500e-02
2.082490921020507812e-02
1.137399673461914062e-02
6.535053253173828125e-03
1.432037353515625000e-02
1.439905166625976562e-02
4.867553710937500000e-03
2.047753334045410156e-02
9.266376495361328125e-03
6.732225418090820312e-03
1.719975471496582031e-02
4.134416580200195312e-03
1.142001152038574219e-02
1.626348495483398438e-02
4.543542861938476562e-03
9.998083114624023438e-03
4.535675048828125000e-03
4.267215728759765625e-03
7.662296295166015625e-03
4.435300827026367188e-03
2.191209793090820312e-02
7.470607757568359375e-03
4.746007919311523438e-02
2.062320709228515625e-02
4.075288772583007812e-03
7.469892501831054688e-03
2.931904792785644531e-02
7.890701293945312500e-03
1.047849655151367188e-02
8.189916610717773438e-03
7.236242294311523438e-03
3.625822067260742188e-02
6.870746612548828125e-03
1.976990699768066406e-02
7.924556732177734375e-03
1.055264472961425781e-02
1.050019264221191406e-02
6.022691726684570312e-03
1.110148429870605469e-02
3.136205673217773438e-02
4.169225692749023438e-03
6.462812423706054688e-03
3.077840805053710938e-02
6.494998931884765625e-03
2.407979965209960938e-02
7.470369338989257812e-03
2.076196670532226562e-02
1.846837997436523438e-02
5.853176116943359375e-03
1.173019409179687500e-02
7.732152938842773438e-03
7.990837097167968750e-03
7.847309112548828125e-03
3.989934921264648438e-03
7.746696472167968750e-03
8.408308029174804688e-03
3.996849060058593750e-03
3.693032264709472656e-02
6.482601165771484375e-03
9.258985519409179688e-03
7.346868515014648438e-03
7.053136825561523438e-03
1.595330238342285156e-02
6.073474884033203125e-03
1.592755317687988281e-02
1.264023780822753906e-02
7.065296173095703125e-03
7.575750350952148438e-03
1.642298698425292969e-02
4.001617431640625000e-03
1.344394683837890625e-02
7.586479187011718750e-03
4.353070259094238281e-02
4.148197174072265625e-02
4.045724868774414062e-03
9.738683700561523438e-03
6.909608840942382812e-03
4.344940185546875000e-03
1.336026191711425781e-02
5.178213119506835938e-03
1.447200775146484375e-02
4.603743553161621094e-02
4.627227783203125000e-02
8.195161819458007812e-03
3.872394561767578125e-03
4.348039627075195312e-03
2.215099334716796875e-02
6.535291671752929688e-03
8.123159408569335938e-03
7.155179977416992188e-03
4.474401473999023438e-03
6.554603576660156250e-03
7.347345352172851562e-03
5.593061447143554688e-03
1.596164703369140625e-02
5.780243873596191406e-02
4.023551940917968750e-03
7.850408554077148438e-03
7.587432861328125000e-03
4.085159301757812500e-02
7.523298263549804688e-03
1.673603057861328125e-02
8.029699325561523438e-03
5.838394165039062500e-03
1.008415222167968750e-02
7.536888122558593750e-03
7.015943527221679688e-03
1.060199737548828125e-02
4.179716110229492188e-03
1.322913169860839844e-02
1.029181480407714844e-02
7.250547409057617188e-03
1.001501083374023438e-02
8.931636810302734375e-03
7.574558258056640625e-03
1.369881629943847656e-02
6.238222122192382812e-03
3.369688987731933594e-02
8.537530899047851562e-03
8.127450942993164062e-03
1.402497291564941406e-02
6.718158721923828125e-03
1.614761352539062500e-02
1.496529579162597656e-02
4.122734069824218750e-03
9.021520614624023438e-03
8.363723754882812500e-03
4.680395126342773438e-03
1.452755928039550781e-02
4.328966140747070312e-03
2.837944030761718750e-02
8.018732070922851562e-03
1.507520675659179688e-02
1.222634315490722656e-02
1.736569404602050781e-02
1.065373420715332031e-02
6.960630416870117188e-03
9.892225265502929688e-03
3.017234802246093750e-02
8.719444274902343750e-03
1.433944702148437500e-02
6.708860397338867188e-03
4.108428955078125000e-03
2.196121215820312500e-02
4.153251647949218750e-03
1.590228080749511719e-02
8.143186569213867188e-03
4.358291625976562500e-03
6.210088729858398438e-03
3.972768783569335938e-03
2.622723579406738281e-02
9.900331497192382812e-03
7.777214050292968750e-03
3.462481498718261719e-02
4.607677459716796875e-03
1.657056808471679688e-02
7.977724075317382812e-03
4.617452621459960938e-03
7.697343826293945312e-03
2.072024345397949219e-02
4.287481307983398438e-03
7.292032241821289062e-03
3.983736038208007812e-03
7.558822631835937500e-03
1.053380966186523438e-02
8.541822433471679688e-03
1.021003723144531250e-02
8.080005645751953125e-03
4.859924316406250000e-03
9.652376174926757812e-03
7.627964019775390625e-03
1.129865646362304688e-02
1.197290420532226562e-02
4.114627838134765625e-03
9.920120239257812500e-03
6.156444549560546875e-03
2.195572853088378906e-02
1.072359085083007812e-02
5.545139312744140625e-03
2.306580543518066406e-02
8.718729019165039062e-03
7.869243621826171875e-03
1.027750968933105469e-02
4.403591156005859375e-03
1.359176635742187500e-02
1.037645339965820312e-02
3.935098648071289062e-03
1.349115371704101562e-02
4.113912582397460938e-03
3.802299499511718750e-03
7.738828659057617188e-03
7.145643234252929688e-03
1.024293899536132812e-02
7.884502410888671875e-03
4.641056060791015625e-03
1.305651664733886719e-02
4.240512847900390625e-03
5.447602272033691406e-02
7.875204086303710938e-03
4.238104820251464844e-02
2.241134643554687500e-02
7.342338562011718750e-03
7.676601409912109375e-03
2.620363235473632812e-02
5.177736282348632812e-03
1.875591278076171875e-02
8.463621139526367188e-03
6.454229354858398438e-03
3.661584854125976562e-02
6.862401962280273438e-03
7.408618927001953125e-03
2.314925193786621094e-02
6.469964981079101562e-03
2.353692054748535156e-02
6.021976470947265625e-03
7.696628570556640625e-03
8.604288101196289062e-03
4.231929779052734375e-03
3.120899200439453125e-02
3.939080238342285156e-02
7.378339767456054688e-03
9.870052337646484375e-03
7.877111434936523438e-03
7.701158523559570312e-03
2.074885368347167969e-02
6.257057189941406250e-03
9.671688079833984375e-03
8.761405944824218750e-03
3.937721252441406250e-03
1.115179061889648438e-02
4.186391830444335938e-03
7.816791534423828125e-03
1.509451866149902344e-02
6.813287734985351562e-03
1.632690429687500000e-02
8.432388305664062500e-03
4.124164581298828125e-03
9.794950485229492188e-03
4.001140594482421875e-03
4.322052001953125000e-03
1.268100738525390625e-02
3.952980041503906250e-03
3.108191490173339844e-02
8.285045623779296875e-03
4.082918167114257812e-03
5.743503570556640625e-03
7.072687149047851562e-03
1.925349235534667969e-02
2.097177505493164062e-02
7.388591766357421875e-03
6.974458694458007812e-03
3.767967224121093750e-03
1.395392417907714844e-02
6.333112716674804688e-03
3.957748413085937500e-03
2.223110198974609375e-02
6.681203842163085938e-03
3.138375282287597656e-02
7.187366485595703125e-03
5.814313888549804688e-03
8.553743362426757812e-03
1.951074600219726562e-02
4.348754882812500000e-03
1.029801368713378906e-02
4.426002502441406250e-03
6.214618682861328125e-03
1.835942268371582031e-02
7.826566696166992188e-03
1.364469528198242188e-02
7.422208786010742188e-03
6.651639938354492188e-03
1.965355873107910156e-02
4.148960113525390625e-03
1.057028770446777344e-02
3.122758865356445312e-02
5.360841751098632812e-03
6.016016006469726562e-03
5.898952484130859375e-03
1.096415519714355469e-02
1.348328590393066406e-02
4.283905029296875000e-03
6.073474884033203125e-03
6.885528564453125000e-03
7.384538650512695312e-03
7.064104080200195312e-03
6.309747695922851562e-03
1.435828208923339844e-02
7.996559143066406250e-03
6.695508956909179688e-03
1.036787033081054688e-02
5.409240722656250000e-03
1.594829559326171875e-02
7.676362991333007812e-03
8.117437362670898438e-03
1.653528213500976562e-02
1.763677597045898438e-02
8.558988571166992188e-03
4.008769989013671875e-03
7.077693939208984375e-03
1.734328269958496094e-02
5.486726760864257812e-03
5.935907363891601562e-03
1.388525962829589844e-02
4.432439804077148438e-03
1.021671295166015625e-02
8.414745330810546875e-03
4.026651382446289062e-03
2.007675170898437500e-02
4.148721694946289062e-03
2.597045898437500000e-02
2.477002143859863281e-02
4.179000854492187500e-03
8.820295333862304688e-03
6.953001022338867188e-03
1.570844650268554688e-02
3.228902816772460938e-02
7.857084274291992188e-03
9.469032287597656250e-03
7.356405258178710938e-03
6.748199462890625000e-03
8.387327194213867188e-03
5.972862243652343750e-03
5.881309509277343750e-03
1.736426353454589844e-02
6.972074508666992188e-03
6.603240966796875000e-03
8.282899856567382812e-03
5.875110626220703125e-03
1.753759384155273438e-02
4.479408264160156250e-03
4.173898696899414062e-02
9.436368942260742188e-03
6.431579589843750000e-03
1.595997810363769531e-02
4.718542098999023438e-03
1.985716819763183594e-02
1.862645149230957031e-02
6.100416183471679688e-03
1.639771461486816406e-02
9.853363037109375000e-03
4.391908645629882812e-03
1.068115234375000000e-02
8.133411407470703125e-03
6.271600723266601562e-03
7.490158081054687500e-03
4.255294799804687500e-03
2.237701416015625000e-02
7.304191589355468750e-03
5.962371826171875000e-03
9.761571884155273438e-03
4.578351974487304688e-03
9.844303131103515625e-03
2.826619148254394531e-02
4.398584365844726562e-03
1.065087318420410156e-02
8.147478103637695312e-03
7.550954818725585938e-03
2.829742431640625000e-02
4.120111465454101562e-03
2.072405815124511719e-02
7.756948471069335938e-03
4.234790802001953125e-03
2.250885963439941406e-02
8.411407470703125000e-03
4.237651824951171875e-03
2.247095108032226562e-02
7.801532745361328125e-03
2.386260032653808594e-02
6.936311721801757812e-03
6.574869155883789062e-03
2.136564254760742188e-02
3.746032714843750000e-03
6.438255310058593750e-03
6.695032119750976562e-03
3.848314285278320312e-03
2.953147888183593750e-02
3.815174102783203125e-03
3.940343856811523438e-03
6.333827972412109375e-03
7.956981658935546875e-03
1.552677154541015625e-02
6.768465042114257812e-03
3.881692886352539062e-03
1.047086715698242188e-02
4.013299942016601562e-03
2.488303184509277344e-02
6.974697113037109375e-03
4.107236862182617188e-03
4.569768905639648438e-03
3.930091857910156250e-03
1.293516159057617188e-02
6.699085235595703125e-03
5.742788314819335938e-03
7.884740829467773438e-03
7.164001464843750000e-03
1.291251182556152344e-02
3.400993347167968750e-02
7.119655609130859375e-03
2.287602424621582031e-02
9.417533874511718750e-03
5.687713623046875000e-03
2.311468124389648438e-02
8.839845657348632812e-03
6.040811538696289062e-03
8.305311203002929688e-03
4.204750061035156250e-03
2.875852584838867188e-02
2.219343185424804688e-02
5.975723266601562500e-03
9.976625442504882812e-03
5.209207534790039062e-03
2.786898612976074219e-02
3.968358039855957031e-02
5.026578903198242188e-03
1.485800743103027344e-02
6.189584732055664062e-03
2.082061767578125000e-02
1.797533035278320312e-02
4.348754882812500000e-03
7.040262222290039062e-03
5.223751068115234375e-03
7.362604141235351562e-03
4.147624969482421875e-02
6.773710250854492188e-03
7.595300674438476562e-03
7.308006286621093750e-03
4.273414611816406250e-03
1.543354988098144531e-02
4.702091217041015625e-03
2.317237854003906250e-02
1.233673095703125000e-02
4.052639007568359375e-03
1.581335067749023438e-02
7.041454315185546875e-03
7.982492446899414062e-03
9.080886840820312500e-03
7.321596145629882812e-03
1.480221748352050781e-02
9.621143341064453125e-03
6.888389587402343750e-03
2.463746070861816406e-02
4.604339599609375000e-03
1.851797103881835938e-02
1.696777343750000000e-02
7.781505584716796875e-03
1.651120185852050781e-02
7.062196731567382812e-03
1.454830169677734375e-02
1.115083694458007812e-02
5.185365676879882812e-03
7.655858993530273438e-03
8.552789688110351562e-03
6.753444671630859375e-03
2.276229858398437500e-02
7.930755615234375000e-03
3.236556053161621094e-02
6.865262985229492188e-03
3.962039947509765625e-03
1.655817031860351562e-02
7.233142852783203125e-03
9.371519088745117188e-03
5.576372146606445312e-03
3.997325897216796875e-03
2.307534217834472656e-02
7.657527923583984375e-03
7.459402084350585938e-03
1.913142204284667969e-02
7.432222366333007812e-03
1.390194892883300781e-02
2.195072174072265625e-02
6.981134414672851562e-03
1.379156112670898438e-02
6.723165512084960938e-03
5.250215530395507812e-03
1.841306686401367188e-02
6.336450576782226562e-03
6.155967712402343750e-03
1.271104812622070312e-02
4.744291305541992188e-03
2.087712287902832031e-02
7.137298583984375000e-03
4.581689834594726562e-03
9.839773178100585938e-03
4.441261291503906250e-03
9.366035461425781250e-03
7.302761077880859375e-03
7.211923599243164062e-03
1.012945175170898438e-02
4.507541656494140625e-03
2.247714996337890625e-02
1.736211776733398438e-02
1.770853996276855469e-02
1.158285140991210938e-02
8.183717727661132812e-03
1.082253456115722656e-02
7.253408432006835938e-03
7.901191711425781250e-03
9.877920150756835938e-03
1.133847236633300781e-02
3.947496414184570312e-03
1.324391365051269531e-02
6.902456283569335938e-03
6.152629852294921875e-03
1.034569740295410156e-02
4.011392593383789062e-03
2.058959007263183594e-02
7.598638534545898438e-03
4.230737686157226562e-03
1.840710639953613281e-02
5.111455917358398438e-03
2.866196632385253906e-02
3.111219406127929688e-02
7.306814193725585938e-03
1.021099090576171875e-02
3.821134567260742188e-03
4.451751708984375000e-03
1.806640625000000000e-02
3.976583480834960938e-03
2.303504943847656250e-02
4.403328895568847656e-02
4.011154174804687500e-03
2.200555801391601562e-02
6.928682327270507812e-03
5.576133728027343750e-03
1.282048225402832031e-02
3.875017166137695312e-03
2.026033401489257812e-02
1.778697967529296875e-02
4.044055938720703125e-03
9.222745895385742188e-03
6.555795669555664062e-03
4.207849502563476562e-03
1.761102676391601562e-02
3.736495971679687500e-03
1.976466178894042969e-02
6.612062454223632812e-03
4.847288131713867188e-03
1.585030555725097656e-02
3.921270370483398438e-03
6.889104843139648438e-03
3.825426101684570312e-03
5.485534667968750000e-03
2.264761924743652344e-02
3.921508789062500000e-03
2.482438087463378906e-02
7.659435272216796875e-03
3.789424896240234375e-03
1.676321029663085938e-02
4.012823104858398438e-03
3.843092918395996094e-02
1.541066169738769531e-02
6.675243377685546875e-03
8.944272994995117188e-03
3.863573074340820312e-03
3.999948501586914062e-03
1.532506942749023438e-02
4.074335098266601562e-03
4.096269607543945312e-03
1.147651672363281250e-02
4.017591476440429688e-03
3.418755531311035156e-02
3.902673721313476562e-03
3.906250000000000000e-03
4.682064056396484375e-03
3.978967666625976562e-03
3.537344932556152344e-02
2.787423133850097656e-02
3.904581069946289062e-03
6.719589233398437500e-03
4.573106765747070312e-03
3.890991210937500000e-03
8.917331695556640625e-03
3.929615020751953125e-03
3.064203262329101562e-02
7.319927215576171875e-03
3.952026367187500000e-03
1.430916786193847656e-02
3.961086273193359375e-03
1.908779144287109375e-02
2.325344085693359375e-02
3.891229629516601562e-03
3.746461868286132812e-02
6.573200225830078125e-03
3.910303115844726562e-03
1.105546951293945312e-02
4.171848297119140625e-03
1.416945457458496094e-02
7.466077804565429688e-03
3.979444503784179688e-03
2.698016166687011719e-02
3.910303115844726562e-03
3.866195678710937500e-03
1.474595069885253906e-02
3.821849822998046875e-03
2.856516838073730469e-02
1.519846916198730469e-02
4.385709762573242188e-03
8.757591247558593750e-03
3.985643386840820312e-03
3.884792327880859375e-03
1.983523368835449219e-02
3.863334655761718750e-03
2.729082107543945312e-02
7.350683212280273438e-03
4.048824310302734375e-03
1.058387756347656250e-02
4.144906997680664062e-03
2.097320556640625000e-02
7.880926132202148438e-03
4.035711288452148438e-03
1.559567451477050781e-02
7.297754287719726562e-03
4.214763641357421875e-03
2.057218551635742188e-02
4.102468490600585938e-03
4.801464080810546875e-02
1.390361785888671875e-02
3.912925720214843750e-03
1.499056816101074219e-02
6.807804107666015625e-03
1.336264610290527344e-02
2.233004570007324219e-02
4.025697708129882812e-03
9.422302246093750000e-03
7.196903228759765625e-03
4.099607467651367188e-03
4.625082015991210938e-03
4.086256027221679688e-03
1.222848892211914062e-02
1.100707054138183594e-02
4.008054733276367188e-03
2.143359184265136719e-02
4.058122634887695312e-03
1.260209083557128906e-02
1.545572280883789062e-02
4.133939743041992188e-03
5.456686019897460938e-03
7.274627685546875000e-03
4.150152206420898438e-03
4.988670349121093750e-03
4.126310348510742188e-03
2.256536483764648438e-02
7.118701934814453125e-03
4.067420959472656250e-03
3.800201416015625000e-02
4.129886627197265625e-03
1.515936851501464844e-02
4.071831703186035156e-02
3.969907760620117188e-03
1.101374626159667969e-02
6.646394729614257812e-03
4.112482070922851562e-03
2.735948562622070312e-02
4.143476486206054688e-03
1.451730728149414062e-02
7.263898849487304688e-03
4.008054733276367188e-03
2.079105377197265625e-02
4.116773605346679688e-03
1.452136039733886719e-02
4.073381423950195312e-03
6.329298019409179688e-03
8.580207824707031250e-03
4.030466079711914062e-03
3.488731384277343750e-02
2.633857727050781250e-02
4.133462905883789062e-03
1.195406913757324219e-02
4.160404205322265625e-03
4.112482070922851562e-03
5.883693695068359375e-03
4.043579101562500000e-03
1.292562484741210938e-02
1.953887939453125000e-02
3.860235214233398438e-03
1.129579544067382812e-02
6.828784942626953125e-03
3.898382186889648438e-03
1.662611961364746094e-02
3.901720046997070312e-03
1.531219482421875000e-02
1.340079307556152344e-02
4.050970077514648438e-03
4.672527313232421875e-03
3.834962844848632812e-03
5.680799484252929688e-03
1.109480857849121094e-02
4.043579101562500000e-03
1.490402221679687500e-02
6.827354431152343750e-03
3.879308700561523438e-03
1.959323883056640625e-02
3.826618194580078125e-03
1.530361175537109375e-02
7.595777511596679688e-03
3.913164138793945312e-03
1.119303703308105469e-02
3.920316696166992188e-03
1.694369316101074219e-02
6.648063659667968750e-03
3.864526748657226562e-03
2.070665359497070312e-02
3.972291946411132812e-03
1.769232749938964844e-02
2.206683158874511719e-02
3.940820693969726562e-03
3.677630424499511719e-02
6.870985031127929688e-03
3.965854644775390625e-03
8.122444152832031250e-03
3.947019577026367188e-03
2.061676979064941406e-02
1.599025726318359375e-02
3.917646408081054688e-02
1.886010169982910156e-02
6.860017776489257812e-03
1.333284378051757812e-02
6.793737411499023438e-03
3.963947296142578125e-03
2.482676506042480469e-02
3.937959671020507812e-03
1.581406593322753906e-02
7.458925247192382812e-03
4.142045974731445312e-03
9.941101074218750000e-03
3.981590270996093750e-03
2.838969230651855469e-02
7.362365722656250000e-03
3.959417343139648438e-03
1.657724380493164062e-02
3.992080688476562500e-03
1.041388511657714844e-02
2.678632736206054688e-02
4.111528396606445312e-03
1.188182830810546875e-02
4.038095474243164062e-03
2.591419219970703125e-02
1.602172851562500000e-02
4.037857055664062500e-03
1.040887832641601562e-02
4.006147384643554688e-03
2.572131156921386719e-02
4.038834571838378906e-02
3.904581069946289062e-03
3.002834320068359375e-02
3.989696502685546875e-03
3.821134567260742188e-03
1.965236663818359375e-02
3.988504409790039062e-03
2.545356750488281250e-02
1.512098312377929688e-02
6.799459457397460938e-03
1.661419868469238281e-02
7.542133331298828125e-03
4.311084747314453125e-03
2.332544326782226562e-02
5.436182022094726562e-03
7.791280746459960938e-03
1.636791229248046875e-02
4.637718200683593750e-03
1.157140731811523438e-02
7.322311401367187500e-03
3.902196884155273438e-03
8.912086486816406250e-03
4.164218902587890625e-03
1.697468757629394531e-02
7.916688919067382812e-03
5.203485488891601562e-03
1.110744476318359375e-02
5.889415740966796875e-03
6.818771362304687500e-03
2.587056159973144531e-02
6.117343902587890625e-03
1.566386222839355469e-02
2.768659591674804688e-02
4.077911376953125000e-03
9.630918502807617188e-03
5.342483520507812500e-03
4.345655441284179688e-03
1.073789596557617188e-02
4.055500030517578125e-03
2.341079711914062500e-02
8.650302886962890625e-03
6.869077682495117188e-03
2.694964408874511719e-02
9.118080139160156250e-03
5.128026008605957031e-02
4.043579101562500000e-03
3.958463668823242188e-03
2.102065086364746094e-02
3.950834274291992188e-03
1.410579681396484375e-02
3.900051116943359375e-03
5.115985870361328125e-03
1.201415061950683594e-02
3.810167312622070312e-03
7.088661193847656250e-03
6.942033767700195312e-03
6.689786911010742188e-03
1.644372940063476562e-02
3.832817077636718750e-03
2.071499824523925781e-02
1.503491401672363281e-02
3.906965255737304688e-03
1.995110511779785156e-02
6.338834762573242188e-03
7.123708724975585938e-03
1.953458786010742188e-02
8.420228958129882812e-03
1.395988464355468750e-02
1.507759094238281250e-02
7.306337356567382812e-03
7.841110229492187500e-03
5.642890930175781250e-03
3.972530364990234375e-03
1.444959640502929688e-02
6.975650787353515625e-03
2.204394340515136719e-02
1.007986068725585938e-02
4.802465438842773438e-03
1.146841049194335938e-02
7.302284240722656250e-03
7.203340530395507812e-03
6.956815719604492188e-03
5.091428756713867188e-03
1.290416717529296875e-02
6.428241729736328125e-03
2.378892898559570312e-02
7.259845733642578125e-03
4.114389419555664062e-03
8.121967315673828125e-03
6.849050521850585938e-03
7.418394088745117188e-03
1.754474639892578125e-02
4.111528396606445312e-03
1.272225379943847656e-02
7.091760635375976562e-03
4.634618759155273438e-03
2.966618537902832031e-02
4.824161529541015625e-03
2.251672744750976562e-02
7.470130920410156250e-03
9.667396545410156250e-03
1.232266426086425781e-02
8.064985275268554688e-03
3.730964660644531250e-02
1.758718490600585938e-02
5.238771438598632812e-03
9.828090667724609375e-03
5.141258239746093750e-03
5.555152893066406250e-03
2.535247802734375000e-02
6.784200668334960938e-03
3.323459625244140625e-02
7.779121398925781250e-03
4.394531250000000000e-03
1.595449447631835938e-02
7.861614227294921875e-03
4.958629608154296875e-03
2.544260025024414062e-02
7.291316986083984375e-03
1.617050170898437500e-02
5.936384201049804688e-03
1.804709434509277344e-02
7.040739059448242188e-03
5.403995513916015625e-03
1.030659675598144531e-02
8.133888244628906250e-03
5.909204483032226562e-03
8.577585220336914062e-03
5.315065383911132812e-03
1.978278160095214844e-02
8.533239364624023438e-03
4.362106323242187500e-03
1.294875144958496094e-02
7.176876068115234375e-03
2.733993530273437500e-02
6.518125534057617188e-03
3.940343856811523438e-03
1.004123687744140625e-02
5.321025848388671875e-03
1.652598381042480469e-02
8.171558380126953125e-03
6.028413772583007812e-03
1.152300834655761719e-02
4.279136657714843750e-03
3.110623359680175781e-02
8.198976516723632812e-03
3.674268722534179688e-03
9.660720825195312500e-03
6.510734558105468750e-03
3.808975219726562500e-03
1.660084724426269531e-02
3.882646560668945312e-03
5.008220672607421875e-03
1.234173774719238281e-02
6.567716598510742188e-03
1.100969314575195312e-02
2.330613136291503906e-02
5.410194396972656250e-03
2.068662643432617188e-02
1.457357406616210938e-02
2.562189102172851562e-02
1.170253753662109375e-02
9.223937988281250000e-03
1.095771789550781250e-02
8.435487747192382812e-03
7.383108139038085938e-03
3.229117393493652344e-02
7.045745849609375000e-03
2.072262763977050781e-02
2.920198440551757812e-02
7.261753082275390625e-03
2.796816825866699219e-02
5.051851272583007812e-03
6.196498870849609375e-03
9.978055953979492188e-03
4.204034805297851562e-03
2.083683013916015625e-02
4.890680313110351562e-03
1.314401626586914062e-02
1.713156700134277344e-02
5.443334579467773438e-03
6.450891494750976562e-03
6.324291229248046875e-03
1.105427742004394531e-02
2.291178703308105469e-02
3.985643386840820312e-03
9.655237197875976562e-03
6.888151168823242188e-03
5.270957946777343750e-03
1.429033279418945312e-02
5.209684371948242188e-03
9.909152984619140625e-03
6.979227066040039062e-03
6.495475769042968750e-03
1.943969726562500000e-02
4.988193511962890625e-03
7.019758224487304688e-03
7.249116897583007812e-03
6.103754043579101562e-03
1.030516624450683594e-02
4.104852676391601562e-03
1.201319694519042969e-02
6.900310516357421875e-03
6.775856018066406250e-03
2.864122390747070312e-02
5.271911621093750000e-03
7.377862930297851562e-03
7.679939270019531250e-03
4.768848419189453125e-03
1.352286338806152344e-02
3.952503204345703125e-03
5.204916000366210938e-03
2.807974815368652344e-02
5.202770233154296875e-03
1.675295829772949219e-02
8.084774017333984375e-03
3.998756408691406250e-03
1.926779747009277344e-02
6.731510162353515625e-03
9.695053100585937500e-03
9.733915328979492188e-03
4.627990722656250000e-02
4.187583923339843750e-03
3.056764602661132812e-02
4.065036773681640625e-02
7.264137268066406250e-03
4.341149330139160156e-02
5.678176879882812500e-03
2.504324913024902344e-02
3.449106216430664062e-02
5.359411239624023438e-03
1.724576950073242188e-02
6.735324859619140625e-03
5.530118942260742188e-03
1.357388496398925781e-02
6.858348846435546875e-03
1.086139678955078125e-02
7.771968841552734375e-03
4.531145095825195312e-03
5.893707275390625000e-03
5.887508392333984375e-03
1.788210868835449219e-02
7.816553115844726562e-03
6.282329559326171875e-03
1.600146293640136719e-02
7.589340209960937500e-03
3.279447555541992188e-02
4.223394393920898438e-02
3.940105438232421875e-03
1.244950294494628906e-02
6.832122802734375000e-03
7.233619689941406250e-03
1.426815986633300781e-02
5.548715591430664062e-03
2.393674850463867188e-02
7.313489913940429688e-03
6.944656372070312500e-03
1.025629043579101562e-02
3.869295120239257812e-03
1.384377479553222656e-02
7.373809814453125000e-03
4.182100296020507812e-03
1.850891113281250000e-02
3.911972045898437500e-03
1.715683937072753906e-02
9.355306625366210938e-03
5.357742309570312500e-03
8.501768112182617188e-03
6.025791168212890625e-03
1.430463790893554688e-02
2.632594108581542969e-02
4.421472549438476562e-03
2.304673194885253906e-02
4.308700561523437500e-03
8.981466293334960938e-03
1.272797584533691406e-02
3.901004791259765625e-03
5.011963844299316406e-02
6.967067718505859375e-03
1.451897621154785156e-02
3.177213668823242188e-02
6.497144699096679688e-03
1.476573944091796875e-02
6.418466567993164062e-03
3.901720046997070312e-03
2.134680747985839844e-02
3.710508346557617188e-03
8.213043212890625000e-03
6.697654724121093750e-03
3.794908523559570312e-03
5.439043045043945312e-03
4.255533218383789062e-03
1.368021965026855469e-02
7.323741912841796875e-03
4.941940307617187500e-03
2.152776718139648438e-02
4.689216613769531250e-03
