2.000000000000000000e+01
0.000000000000000000e+00
1.924110835790642682e+00
2.021413338184373742e+00
5.224290007352848875e+00
5.767572587728523104e+00
8.699756592512152054e+00
1.033031215071680720e+01
1.220705146193507318e+01
1.391616281867030125e+01
1.599591862559321243e+01
1.757129983305934218e+01
1.936919924616817212e+01
1.940657104849819348e+01
2.000000000000000000e+01
1.851019604206085489e+01
2.000000000000000000e+01
1.929856357574463033e+01
1.907623519897461506e+01
2.000000000000000000e+01
1.914406208992004821e+01
2.000000000000000000e+01
1.888807020187378072e+01
2.000000000000000000e+01
2.000000000000000000e+01
1.857416219711303995e+01
2.000000000000000000e+01
1.938669166564941548e+01
1.924836502075195455e+01
2.000000000000000000e+01
1.899881496429443573e+01
2.000000000000000000e+01
1.934439620971679830e+01
1.918141078948974965e+01
2.000000000000000000e+01
1.939488363265991211e+01
2.000000000000000000e+01
1.874912605285644673e+01
2.000000000000000000e+01
1.872778434753418253e+01
1.898882217407226847e+01
2.000000000000000000e+01
1.888924732208251811e+01
1.997005653381347656e+01
1.922842464447021626e+01
1.994127120971679901e+01
1.854100055694580362e+01
1.887600364685058807e+01
1.940991344451904510e+01
1.814931907653808807e+01
1.836337909698486470e+01
1.868106803894043111e+01
1.741555938720703267e+01
1.807758293151855611e+01
1.721951637268066548e+01
1.657426414489746236e+01
1.700040321350097727e+01
1.620895957946777344e+01
1.630715217590331889e+01
1.549323921203613175e+01
1.556267852783203054e+01
1.472616443634033168e+01
1.451030273437499929e+01
1.434408378601074041e+01
1.372891979217529013e+01
1.354934577941894247e+01
1.317759971618652060e+01
1.280585365295409872e+01
1.260484962463378622e+01
1.262775192260741797e+01
1.190462551116942969e+01
1.208445129394530859e+01
1.138482227325438956e+01
1.198709793090819709e+01
1.182888622283934943e+01
1.100773582458495525e+01
1.194543743133544211e+01
1.090436897277831285e+01
1.192486305236815625e+01
1.092477836608885866e+01
1.160813674926756889e+01
1.213338470458983487e+01
1.123251628875731534e+01
1.209729576110838956e+01
1.147556743621825248e+01
1.280299777984618181e+01
1.193173923492430788e+01
1.336259803771971733e+01
1.336932430267333061e+01
1.294636573791503054e+01
1.444596214294432812e+01
1.374878921508788387e+01
1.479294261932372478e+01
1.452441825866698721e+01
1.528258342742919496e+01
1.578905143737792649e+01
1.576561126708984162e+01
1.618099575042724325e+01
1.649956588745116903e+01
1.686084823608398153e+01
1.693813781738280966e+01
1.749821510314941264e+01
1.767579936981201172e+01
1.814153099060058594e+01
1.808723640441894531e+01
1.831154403686523580e+01
1.890303897857666016e+01
1.843432369232177592e+01
1.927156772613525249e+01
1.888496341705322124e+01
1.959943180084228231e+01
1.897943134307860902e+01
1.902139301300048402e+01
1.975424022674560121e+01
1.908366603851317933e+01
1.980334949493407848e+01
1.895773391723632528e+01
1.928643703460693004e+01
1.965597152709960582e+01
1.905867767333984020e+01
1.862767982482909801e+01
1.927037715911864879e+01
1.894547080993651988e+01
1.910368938446044496e+01
1.829882946014403799e+01
1.876885929107665518e+01
1.830559959411620596e+01
1.760238437652587251e+01
1.810068721771239453e+01
1.749362907409667045e+01
1.765594959259032137e+01
1.720901336669920667e+01
1.668481845855711754e+01
1.686938877105711754e+01
1.643006057739256676e+01
1.636800937652586896e+01
1.587423076629637642e+01
1.583143100738524289e+01
1.545744113922117968e+01
1.508844509124754651e+01
1.499392929077147230e+01
1.473456707000731214e+01
1.447520484924315198e+01
1.430367221832274183e+01
1.407077713012693998e+01
1.375424289703367720e+01
1.376822261810301207e+01
1.333246212005613707e+01
1.344957046508787535e+01
1.296410694122312890e+01
1.314570617675779651e+01
1.264522762298582492e+01
1.284961929321287499e+01
1.304699649810789452e+01
1.239183769226072585e+01
1.298097877502439701e+01
1.232143592834470880e+01
1.272384185791013778e+01
1.315266952514646626e+01
1.244291439056394744e+01
1.293051166534422158e+01
1.252401752471922158e+01
1.333651847839353799e+01
1.274729633331297229e+01
1.336751918792723082e+01
1.383375835418699573e+01
1.329694900512693678e+01
1.405999107360838174e+01
1.369803085327146874e+01
1.419290313720701491e+01
1.407491188049314701e+01
1.479990291595457208e+01
1.481426239013670099e+01
1.481132869720457279e+01
1.537610111236570631e+01
1.531083126068113742e+01
1.562999706268309197e+01
1.571488170623777947e+01
1.597018604278563103e+01
1.623880844116209587e+01
1.641686801910399041e+01
1.663488178253172478e+01
1.685289554595945916e+01
1.680520801544188103e+01
1.694514026641844495e+01
1.733471965789793856e+01
1.731613883972167045e+01
1.734147510528563529e+01
1.774177894592284233e+01
1.744142971038817436e+01
1.793278045654296093e+01
1.776711254119872407e+01
1.751549720764159446e+01
1.806855449676513103e+01
1.781329746246337464e+01
1.815556697845458700e+01
1.768738498687743999e+01
1.814882564544677734e+01
1.785555706024170064e+01
1.746656246185303019e+01
1.797770671844482848e+01
1.749692955017090412e+01
1.783348751068115945e+01
1.747577342987061400e+01
1.716555652618409056e+01
1.748867607116699929e+01
1.714075698852539631e+01
1.727090454101563211e+01
1.686403331756592650e+01
1.654924087524414844e+01
1.677578353881836648e+01
1.642596931457520171e+01
1.646652526855469389e+01
1.615186805725098296e+01
1.614829559326172514e+01
1.573414535522461577e+01
1.564850578308105966e+01
1.558933391571045490e+01
1.533745594024658843e+01
1.523957691192627451e+01
1.498331832885742543e+01
1.488080577850342223e+01
1.471046409606934091e+01
1.458532276153565022e+01
1.438334083557129439e+01
1.435108528137207529e+01
1.422408332824707600e+01
1.396748237609863708e+01
1.408633441925049112e+01
1.374051780700683878e+01
1.378269309997558878e+01
1.388167304992676065e+01
1.349248428344726847e+01
1.379621620178222940e+01
1.339104194641113565e+01
1.357852764129638956e+01
1.329017105102539276e+01
1.368177280426025533e+01
1.365361862182617259e+01
1.333318977355957102e+01
1.377559261322021555e+01
1.340477828979492259e+01
1.373048954010009837e+01
1.387103919982910227e+01
1.360357151031494283e+01
1.416819705963134979e+01
1.381426334381103693e+01
1.431249103546142720e+01
1.435139408111572479e+01
1.421475162506103729e+01
1.455534687042236541e+01
1.446768665313720881e+01
1.487316188812256001e+01
1.501660633087158381e+01
1.495451679229736541e+01
1.518621711730957280e+01
1.534643650054931996e+01
1.540891132354736826e+01
1.565135021209717436e+01
1.571879177093506641e+01
1.581193962097168892e+01
1.599263477325440519e+01
1.613470611572266833e+01
1.622533626556397834e+01
1.640341644287110867e+01
1.638895835876466478e+01
1.638082237243654049e+01
1.669140758514405931e+01
1.670868930816651954e+01
1.659509677886964596e+01
1.692173423767091478e+01
1.681906566619874610e+01
1.705881080627442969e+01
1.679718360900880469e+01
1.713107910156251634e+01
1.695368595123292721e+01
1.675484504699708665e+01
1.712437953948976244e+01
1.686729946136476244e+01
1.710936870574952806e+01
1.683946170806886400e+01
1.706555233001710548e+01
1.668661670684815945e+01
1.672444705963136258e+01
1.688025131225587572e+01
1.652253723144533026e+01
1.649514198303224433e+01
1.662028636932374681e+01
1.628490238189698758e+01
1.643031520843507209e+01
1.612915668487550036e+01
1.622657184600831215e+01
1.591478157043458097e+01
1.599971027374268573e+01
1.567731990814209908e+01
1.565720806121827025e+01
1.562033615112305540e+01
1.542153511047364134e+01
1.537991714477539951e+01
1.517666091918946236e+01
1.508421707153321201e+01
1.500089874267579049e+01
1.492910175323487110e+01
1.477895965576172621e+01
1.475567436218262429e+01
1.462170257568360121e+01
1.447839126586914738e+01
1.455498771667481073e+01
1.431666030883789631e+01
1.431014251708984908e+01
1.437867813110351989e+01
1.412087554931641087e+01
1.427179203033447763e+01
1.402488059997559056e+01
1.414148883819580504e+01
1.426924171447754297e+01
1.397571296691894993e+01
1.412026596069336470e+01
1.394179534912109908e+01
1.419227695465088424e+01
1.395580749511719354e+01
1.422234306335449894e+01
1.433743476867676492e+01
1.409328937530518289e+01
1.429749011993408914e+01
1.417102794647217578e+01
1.453281936645508665e+01
1.450937709808350462e+01
1.440815410614014525e+01
1.475132999420166868e+01
1.458994808197022408e+01
1.475053424835206073e+01
1.504162006378174787e+01
1.489820671081544035e+01
1.512983055114747089e+01
1.510566062927247089e+01
1.524461097717286151e+01
1.529810218811036115e+01
1.549000396728516549e+01
1.551070213317871982e+01
1.560693130493164915e+01
1.570316047668457848e+01
1.579938964843750782e+01
1.584523811340332777e+01
1.592640647888184446e+01
1.605534572601319354e+01
1.604606037139893715e+01
1.610733165740968076e+01
1.626368198394776599e+01
1.624480991363526527e+01
1.639598712921143786e+01
1.622303142547608701e+01
1.647356472015382067e+01
1.643800621032715981e+01
1.632399082183838956e+01
1.655576515197754972e+01
1.640534210205079191e+01
1.658947944641114347e+01
1.643006324768067472e+01
1.640864601135254830e+01
1.657197074890137500e+01
1.629779739379883452e+01
1.651859054565430185e+01
1.627976703643799183e+01
1.621104240417480824e+01
1.636942272186279723e+01
1.620435199737549326e+01
1.628311672210693928e+01
1.596871585845947905e+01
1.599765758514404901e+01
1.605408191680908914e+01
1.581497306823731108e+01
1.580282878875733132e+01
1.580911521911621875e+01
1.565076122283936400e+01
1.565221023559571201e+01
1.548933162689209908e+01
1.543910942077637571e+01
1.539815959930420775e+01
1.522851047515869993e+01
1.521791858673096520e+01
1.513715438842774219e+01
1.505639019012451918e+01
1.497562599182129617e+01
1.494162235260010441e+01
1.482812576293945916e+01
1.484335041046143111e+01
1.474625892639160618e+01
1.463969211578369567e+01
1.470923080444336328e+01
1.453917522430420206e+01
1.456900787353515980e+01
1.443872623443603942e+01
1.456799468994141122e+01
1.447084407806396911e+01
1.435433540344238779e+01
1.454651107788086506e+01
1.433470458984375639e+01
1.449208545684815164e+01
1.451656112670899113e+01
1.435832138061524077e+01
1.453638534545899041e+01
1.438718452453613850e+01
1.457566356658936080e+01
1.458103561401367720e+01
1.448403110504150959e+01
1.473967056274414666e+01
1.467909870147705753e+01
1.463495578765869887e+01
1.490947551727295739e+01
1.476692638397217650e+01
1.490688514709473544e+01
1.502753734588623935e+01
1.497020587921143431e+01
1.512303180694580895e+01
1.510748805999756605e+01
1.521582756042481144e+01
1.528949871063233168e+01
1.531595668792725462e+01
1.542936973571778125e+01
1.545827045440674574e+01
1.547474288940430398e+01
1.557572765350342436e+01
1.568914070129395100e+01
1.561867237091064986e+01
1.575441627502442010e+01
1.576603088378906925e+01
1.581242446899414666e+01
1.590584316253662678e+01
1.586316871643066939e+01
1.598868236541748544e+01
1.594127864837646946e+01
1.591401500701904759e+01
1.606376705169678232e+01
1.600457382202148793e+01
1.611229763031006357e+01
1.599949283599853977e+01
1.613639888763428232e+01
1.606547451019287465e+01
1.591731548309326527e+01
1.610945606231689808e+01
1.602219867706299183e+01
1.609975719451904652e+01
1.595955276489258168e+01
1.587323017120361612e+01
1.600571556091308878e+01
1.589761562347412394e+01
1.595281410217285512e+01
1.584010581970215270e+01
1.574693260192871591e+01
1.582569732666016193e+01
1.570150108337402983e+01
1.573946189880371804e+01
1.561068706512451953e+01
1.559621772766114134e+01
1.559114799499512571e+01
1.555043277740479368e+01
1.536741409301758665e+01
1.542631130218506641e+01
1.537848091125488992e+01
1.533065052032471343e+01
1.523547973632813068e+01
1.526812801361084482e+01
1.518479232788086364e+01
1.513696193695068715e+01
1.508913154602051065e+01
1.504130115509033416e+01
1.508829269409179830e+01
1.497408695220947372e+01
1.493099765777587962e+01
1.493538990020751989e+01
1.485906352996826207e+01
1.486587562561035192e+01
1.479189128875732528e+01
1.480112552642822443e+01
1.472948551177978693e+01
1.483653450012207209e+01
1.479604129791260014e+01
1.470033016204834198e+01
1.482002162933349787e+01
1.474338893890381108e+01
1.469294109344482635e+01
1.482280254364013850e+01
1.470734348297119354e+01
1.489321403503418217e+01
1.489616603851318644e+01
1.479684562683105753e+01
1.490369148254394815e+01
1.484537773132324467e+01
1.495728340148925994e+01
1.495244140625000284e+01
1.493773097991943644e+01
1.510616321563720987e+01
1.502541637420654652e+01
1.510356311798096129e+01
1.514749011993408701e+01
1.514481277465820774e+01
1.517889671325684020e+01
1.521298065185547266e+01
1.534525108337402699e+01
1.531060447692871485e+01
1.539876918792725036e+01
1.535417098999023899e+01
1.543004283905029794e+01
1.551820755004883345e+01
1.557200565338135334e+01
1.557900009155273935e+01
1.552451686859131286e+01
1.563730735778809056e+01
1.562717876434326669e+01
1.570055732727051279e+01
1.568802986145020029e+01
1.570989723205566868e+01
1.577829170227051314e+01
1.571205120086670526e+01
1.571453208923340483e+01
1.580963630676270171e+01
1.578273696899414702e+01
1.583872222900391336e+01
1.576078586578369922e+01
1.565424957275391371e+01
1.580467262268067152e+01
1.576111736297608168e+01
1.579984359741211719e+01
1.575392169952393395e+01
1.569364051818848438e+01
1.576123371124268324e+01
1.566006278991699929e+01
1.572268962860108132e+01
1.561689567565918679e+01
1.562656459808350284e+01
1.564572277069092543e+01
1.553301448822022301e+01
1.558327388763428623e+01
1.546596698760987287e+01
1.546353321075440412e+01
1.547054634094239312e+01
1.544173660278321414e+01
1.536520881652833204e+01
1.536980171203614454e+01
1.533860607147217969e+01
1.525974197387696485e+01
1.526191425323487572e+01
1.527600364685059908e+01
1.520905666351319674e+01
1.517786102294923190e+01
1.509899692535401705e+01
1.510116920471192792e+01
1.506759014129640128e+01
1.503401107788087465e+01
1.504810047149659802e+01
1.502887153625489880e+01
1.496427326202394248e+01
1.498322734832765413e+01
1.492098293304445100e+01
1.499023017883302522e+01
1.499270381927492046e+01
1.490396137237550711e+01
1.498317432403566407e+01
1.489908885955812501e+01
1.493515014648439454e+01
1.493758487701417970e+01
1.489424362182619177e+01
1.503176670074464916e+01
1.492321052551271521e+01
1.497156620025636720e+01
1.508308258056642615e+01
1.498376216888429724e+01
1.499345531463625036e+01
1.500314846038820349e+01
1.510999431610109411e+01
1.505168056488039063e+01
1.506623134613039028e+01
1.512943477630617117e+01
1.510992870330812465e+01
1.522437000274660157e+01
1.517313289642335938e+01
1.519498920440675782e+01
1.526565074920656251e+01
1.525334339141847728e+01
1.532649860382082174e+01
1.531659412384035335e+01
1.534333362579347870e+01
1.537007312774660406e+01
1.539681262969972941e+01
1.542355213165285477e+01
1.545029163360598012e+01
1.547703113555910548e+01
1.550377063751223083e+01
1.553051013946535619e+01
1.555724964141848154e+01
1.553513050079348190e+01
1.559607105255129511e+01
1.557156238555910832e+01
1.563002262115481145e+01
1.560312328338625676e+01
1.556175365448000747e+01
1.564932060241701883e+01
1.566387138366701848e+01
1.558126945495608062e+01
1.566382713317873687e+01
1.562502021789553375e+01
1.566866340637209554e+01
1.562748107910158701e+01
1.552361450195314951e+01
1.562999515533449646e+01
1.562758827209474966e+01
1.562518138885500285e+01
1.557452621459963105e+01
1.560589313507082210e+01
1.560107383728029440e+01
1.549990291595461045e+01
1.556252975463869248e+01
1.560104198455812607e+01
1.541339454650881002e+01
1.550717945098879014e+01
1.544473056793214916e+01
1.551189289093019674e+01
1.546144504547121201e+01
1.539899616241457103e+01
1.541815433502199362e+01
1.540130939483644745e+01
1.538446445465090129e+01
1.503293704986574575e+01
1.510764675140383240e+01
1.517397384643557068e+01
1.494361476898195740e+01
1.503565025329592153e+01
1.470235652923586223e+01
1.466249847412111507e+01
1.472962589263918076e+01
1.423581924438478552e+01
1.417799777984621201e+01
1.427793636322023474e+01
1.375486621856691372e+01
1.393630542755128943e+01
1.357809181213380967e+01
1.351764316558839951e+01
1.344071140289308630e+01
1.315872440338136684e+01
1.310897121429445278e+01
1.291129837036134731e+01
1.274549198150636542e+01
1.262280464172365058e+01
1.251147270202638495e+01
1.232292404174806322e+01
1.235051326751710477e+01
1.220553207397462359e+01
1.196428718566895810e+01
1.210071544647217934e+01
1.176971244812012785e+01
1.187516136169434589e+01
1.158921546936036151e+01
1.184644241333008807e+01
1.180023384094239347e+01
1.147699851989747089e+01
1.224789180755616158e+01
1.157494201660157174e+01
1.187333240509034127e+01
1.145974922180176669e+01
1.154101085662842685e+01
1.156239891052246982e+01
1.150251064300537962e+01
1.138290615081787926e+01
1.152134990692139560e+01
1.142563877105713743e+01
1.135379810333252770e+01
1.131546993255616051e+01
1.132248306274414951e+01
1.182173042297364240e+01
1.239896202087403232e+01
1.171357822418213779e+01
1.255580806732178623e+01
1.204508838653565306e+01
1.355920619964600426e+01
1.364205112457276314e+01
1.310225124359131854e+01
1.454722118377686613e+01
1.388828678131104688e+01
1.443137207031251279e+01
1.522920513153077415e+01
1.500797805786134020e+01
1.538284893035889844e+01
1.566267585754395775e+01
1.598443393707276705e+01
1.641822967529298438e+01
1.666156139373780931e+01
1.682097549438478268e+01
1.726589756011964738e+01
1.747326126098634802e+01
1.759261035919191585e+01
1.810040607452394568e+01
1.779515438079835832e+01
1.851797389984132991e+01
1.851514167785646947e+01
1.838226604461672409e+01
1.905273876190188176e+01
1.885285205841067224e+01
1.843378429412844710e+01
1.929877376556399327e+01
1.883868427276614099e+01
1.942861118316653091e+01
1.884548339843752629e+01
1.886950321197512537e+01
1.938037014007571202e+01
1.850826053619387679e+01
1.922280635833743290e+01
1.880175304412844994e+01
1.912122669219973758e+01
1.839679985046389632e+01
1.837234821319583133e+01
1.869274120330813460e+01
1.783167762756350427e+01
1.831703319549563247e+01
1.783984622955324895e+01
1.735030078887941940e+01
1.767042770385744532e+01
1.723986320495607671e+01
1.727091941833498367e+01
1.669342365264894923e+01
1.662519645690920100e+01
1.655768966674806819e+01
1.599938201904299007e+01
1.586966285705568502e+01
1.577427501678468857e+01
1.541299991607668041e+01
1.527744770050050960e+01
1.499811477661134873e+01
1.461742610931398545e+01
1.450362396240236329e+01
1.452236919403078019e+01
1.409075813293458879e+01
1.403506069183351457e+01
1.367807731628419887e+01
1.354281654357912146e+01
1.374734115600587891e+01
1.318419361114503907e+01
1.325851345062257813e+01
1.287484416961671840e+01
1.314507598876955008e+01
1.310273036956789028e+01
1.262481365203859340e+01
1.313294754028322231e+01
1.254563770294191372e+01
1.295360527038576137e+01
1.315048961639406144e+01
1.261054954528810512e+01
1.323346557617189490e+01
1.272014083862306677e+01
1.314280261993410193e+01
1.370830383300783240e+01
1.310071182250978516e+01
1.355197296142580043e+01
1.332752456665041052e+01
1.405469818115236436e+01
1.392482948303224788e+01
1.385341091156007920e+01
1.458792819976808630e+01
1.427611904144289134e+01
1.468495769500734482e+01
1.507112255096437536e+01
1.494150180816652451e+01
1.528281974792482600e+01
1.551433620452883133e+01
1.559508705139162466e+01
1.584740390777590235e+01
1.600982589721682103e+01
1.610621356964113815e+01
1.643509521484377700e+01
1.659492187500002558e+01
1.653092784881594213e+01
1.691476745605471166e+01
1.694374198913576635e+01
1.697921714782717117e+01
1.734024486541750321e+01
1.724626312255861649e+01
1.759315662384035406e+01
1.748773765563966975e+01
1.710668430328371414e+01
1.774591999053957281e+01
1.759752273559572444e+01
1.787786731719972977e+01
1.761836071014406713e+01
1.750813007354738815e+01
1.789462909698488957e+01
1.745447177886965662e+01
1.784981403350832707e+01
1.768143177032473190e+01
1.721619358062746485e+01
1.767317104339602096e+01
1.737142620086672551e+01
1.755809154510500747e+01
1.700698108673098474e+01
1.715523281097414809e+01
1.723229236602785974e+01
1.651359367370608311e+01
1.690728397369387537e+01
1.671742191314699966e+01
1.631579647064211613e+01
1.647274475097658808e+01
1.607712364196779831e+01
1.614974441528322657e+01
1.583295326232912359e+01
1.573579444885256073e+01
1.565652675628664170e+01
1.537237167358400569e+01
1.532026233673097693e+01
1.521124343872072160e+01
1.502493648529054582e+01
1.469110565185548722e+01
1.484765300750734340e+01
1.455922756195070278e+01
1.440701828002931606e+01
1.448267993927003872e+01
1.417096099853517543e+01
1.412156448364259731e+01
1.391675529479982387e+01
1.400973949432374965e+01
1.371303443908693254e+01
1.400340080261232245e+01
1.391322708129884589e+01
1.358155117034913850e+01
1.368056507110597408e+01
1.346205463409425462e+01
1.390090522766114844e+01
1.369732761383058239e+01
1.347890567779542614e+01
1.391559600830079724e+01
1.354069690704347373e+01
1.386091480255128694e+01
1.424062557220460690e+01
1.379788398742677558e+01
1.382951717376710832e+01
1.386115036010744106e+01
1.438531436920168005e+01
1.452007865905763673e+01
1.426280651092531215e+01
1.464256687164308524e+01
1.451044788360597693e+01
1.480603179931642543e+01
1.496122722625734269e+01
1.492307319641115093e+01
1.508786296844484198e+01
1.531909980773927593e+01
1.532856597900392437e+01
1.576007690429689312e+01
1.541274261474611151e+01
1.573165054321290768e+01
2.000000000000000000e+01
6.019165229797366123e+00
6.999930763244634591e+00
8.241814231872567120e+00
1.024611549377442543e+01
1.170743885040284482e+01
1.221372451782227841e+01
1.434759368896485654e+01
1.636418685913087501e+01
1.662021865844728552e+01
1.846584720611574681e+01
1.944475097656252416e+01
2.000000000000000000e+01
2.000000000000000000e+01
2.000000000000000000e+01
2.000000000000000000e+01
2.000000000000000000e+01
2.000000000000000000e+01
2.000000000000000000e+01
2.000000000000000000e+01
2.000000000000000000e+01
2.000000000000000000e+01
2.000000000000000000e+01
2.000000000000000000e+01
2.000000000000000000e+01
2.000000000000000000e+01
2.000000000000000000e+01
2.000000000000000000e+01
2.000000000000000000e+01
2.000000000000000000e+01
2.000000000000000000e+01
2.000000000000000000e+01
2.000000000000000000e+01
2.000000000000000000e+01
2.000000000000000000e+01
1.999026584625244141e+01
2.000000000000000000e+01
1.995971107482910156e+01
2.000000000000000000e+01
2.000000000000000000e+01
2.000000000000000000e+01
2.000000000000000000e+01
2.000000000000000000e+01
2.000000000000000000e+01
2.000000000000000000e+01
2.000000000000000000e+01
2.000000000000000000e+01
1.997179107666015696e+01
2.000000000000000000e+01
2.000000000000000000e+01
2.000000000000000000e+01
2.000000000000000000e+01
2.000000000000000000e+01
1.990243530273437500e+01
2.000000000000000000e+01
1.974888381958007955e+01
2.000000000000000000e+01
2.000000000000000000e+01
1.996336364746093750e+01
2.000000000000000000e+01
1.965352306365966939e+01
2.000000000000000000e+01
1.986760711669921875e+01
1.980399703979492188e+01
2.000000000000000000e+01
1.988986282348632884e+01
1.991711807250976562e+01
2.000000000000000000e+01
1.950091304779052592e+01
1.980448646545410085e+01
2.000000000000000000e+01
1.965018882751464702e+01
2.000000000000000000e+01
1.948999786376953125e+01
1.960619010925292827e+01
2.000000000000000000e+01
1.933346748352050781e+01
1.994466514587402273e+01
1.968000926971435405e+01
1.904485702514648438e+01
1.970754756927490092e+01
1.928406696319579794e+01
1.955811138153075746e+01
1.887982807159423260e+01
1.878518543243407635e+01
1.907778930664061789e+01
1.851606407165526491e+01
1.823117904663084943e+01
1.848189277648924644e+01
1.781246910095213565e+01
1.804109268188475212e+01
1.733923625946043501e+01
1.734982910156248437e+01
1.729262313842771803e+01
1.664484863281248295e+01
1.675135574340818678e+01
1.617696228027342187e+01
1.604435653686521590e+01
1.590570831298826171e+01
1.565453605651853408e+01
1.540336380004880645e+01
1.510207405090329758e+01
1.483580551147458593e+01
1.461725234985349253e+01
1.441124382019040695e+01
1.411993179321286718e+01
1.406640319824216334e+01
1.402074966430661540e+01
1.353338851928708308e+01
1.355415649414059942e+01
1.315496978759762925e+01
1.352854728698727627e+01
1.319435768127438635e+01
1.280614337921139878e+01
1.311712589263913387e+01
1.261045551300046164e+01
1.322415409088132066e+01
1.306197948455807811e+01
1.259316024780270737e+01
1.334343528747555929e+01
1.267853088378903514e+01
1.309483375549313600e+01
1.372653045654294068e+01
1.301436996459958095e+01
1.344729480743405325e+01
1.319845314025875993e+01
1.386913471221920879e+01
1.383890762329098578e+01
1.367611331939694352e+01
1.438647556304928798e+01
1.405994052886959977e+01
1.453714694976803656e+01
1.442566585540768642e+01
1.487565002441403550e+01
1.511331424713132066e+01
1.506617698669430894e+01
1.541586456298825425e+01
1.547428550720212215e+01
1.561840171813962286e+01
1.592087249755856959e+01
1.604574260711667577e+01
1.632030525207517258e+01
1.640677356719968571e+01
1.663002662658689346e+01
1.669287548065183557e+01
1.697391815185545028e+01
1.698728160858152592e+01
1.720621986389158309e+01
1.744251384735105503e+01
1.727020893096921839e+01
1.768308315277097620e+01
1.753538379669187464e+01
1.790177516937253799e+01
1.778120326995847478e+01
1.788539829254148117e+01
1.816422882080075851e+01
1.784292068481443039e+01
1.795694198608396164e+01
1.826610832214353053e+01
1.803553791046140020e+01
1.833034210205075709e+01
1.790462818145749679e+01
1.830976409912107172e+01
1.776557350158689275e+01
1.821210060119626917e+01
1.795057315826414168e+01
1.814970016479490411e+01
1.769102649688718998e+01
1.773054122924802911e+01
1.789591712951658309e+01
1.739453353881834019e+01
1.767654914855955184e+01
1.733447456359861505e+01
1.709211235046385013e+01
1.727617111206053124e+01
1.689784526824949751e+01
1.699911651611326846e+01
1.655760116577147301e+01
1.653648986816405042e+01
1.650945892333983167e+01
1.608889904022215589e+01
1.615547828674315056e+01
1.581514949798582492e+01
1.580121002197263991e+01
1.554698467254636896e+01
1.550462150573728692e+01
1.530815448760984410e+01
1.524400882720945205e+01
1.501633129119871057e+01
1.476460494995115269e+01
1.477260570526120986e+01
1.454492816925046839e+01
1.462902870178220738e+01
1.430575542449949111e+01
1.420998497009275141e+01
1.431868801116941015e+01
1.397753887176511256e+01
1.404019641876218216e+01
1.378064746856686895e+01
1.408703079223630183e+01
1.386017894744870382e+01
1.363293266296384054e+01
1.414972782135007101e+01
1.364032592773434871e+01
1.376798419952389985e+01
1.408590812683102911e+01
1.368592243194577485e+01
1.393639125823971980e+01
1.372320308685300105e+01
1.412119331359860652e+01
1.382792301177975958e+01
1.397451972961423294e+01
1.447280063629147939e+01
1.408453426361081462e+01
1.439832000732419282e+01
1.425940837860104793e+01
1.462947368621823507e+01
1.473770961761471909e+01
1.462924442291257066e+01
1.498158512115475816e+01
1.488703899383542151e+01
1.512070655822751064e+01
1.530594577789303834e+01
1.529304962158200354e+01
1.554143161773678905e+01
1.561141166687009019e+01
1.570540332794186789e+01
1.583198204040524715e+01
1.595856075286862641e+01
1.608513946533200567e+01
1.621171817779538316e+01
1.633829689025876064e+01
1.637795391082760688e+01
1.656537780761715695e+01
1.651345043182369920e+01
1.667035675048824928e+01
1.684494819641109942e+01
1.677931003570553159e+01
1.687943992614742683e+01
1.707183799743648933e+01
1.699010047912594246e+01
1.720686683654781746e+01
1.693934783935543464e+01
1.718278465270992683e+01
1.731214447021481107e+01
1.706460361480709764e+01
1.734501838684078834e+01
1.716971416473385403e+01
1.705984916687008379e+01
1.731552391052242612e+01
1.711137695312496376e+01
1.728944854736324643e+01
1.702792110443111895e+01
1.704567070007320950e+01
1.716853199005123543e+01
1.683650112152096057e+01
1.704653072357174182e+01
1.688018608093258166e+01
1.676360721588131142e+01
1.685609855651851774e+01
1.653445301055904437e+01
1.668284568786617328e+01
1.648507080078121234e+01
1.624452743530269672e+01
1.637371768951412321e+01
1.615392608642574501e+01
1.617202968597408486e+01
1.594484825134273720e+01
1.595622997283931888e+01
1.586236324310299040e+01
1.562777233123775567e+01
1.563241252899166156e+01
1.548451251983638777e+01
1.541650753021236397e+01
1.531325473785396518e+01
1.530395030975337889e+01
1.513493366241451099e+01
1.503637828826900247e+01
1.493782291412349394e+01
1.493304042816157917e+01
1.486244144439693038e+01
1.470305652618403869e+01
1.480054187774653940e+01
1.458068447113032917e+01
1.468681678771968535e+01
1.447677364349361184e+01
1.454526538848872974e+01
1.470038127899166014e+01
1.441067829132076206e+01
1.450104789733882882e+01
1.454033374786373045e+01
1.437152462005611397e+01
1.465925083160396625e+01
1.440446262359615304e+01
1.457054519653316405e+01
1.478933086395259799e+01
1.453005523681636824e+01
1.467665195465084160e+01
1.477329864501949430e+01
1.466617622375484586e+01
1.496164264678951383e+01
1.480141563415523720e+01
1.502026939392086291e+01
1.515828819274898720e+01
1.505272178649898684e+01
1.520204200744625211e+01
1.520089111328121234e+01
1.539866237640377022e+01
1.537111930847164132e+01
1.557524280548091866e+01
1.555451889038082136e+01
1.563299236297603656e+01
1.575549507141109551e+01
1.580314807891842044e+01
1.597179374694820631e+01
