3.794458210468292236e-01
3.794458210468292236e-01
3.794458210468292236e-01
8.361479043960571289e-01
8.361479043960571289e-01
1.158519864082336426e+00
1.109326839447021484e+00
1.109326839447021484e+00
1.084675669670104980e+00
1.084675669670104980e+00
1.010502934455871582e+00
1.010502934455871582e+00
1.010502934455871582e+00
1.450634837150573730e+00
1.450634837150573730e+00
2.250554084777832031e+00
2.250554084777832031e+00
2.813385486602783203e+00
3.650421857833862305e+00
3.650421857833862305e+00
4.181885242462158203e+00
4.181885242462158203e+00
4.750773429870605469e+00
5.129000186920166016e+00
5.129000186920166016e+00
5.729009628295898438e+00
5.729009628295898438e+00
6.095886230468750000e+00
6.600831031799316406e+00
6.600831031799316406e+00
7.021085739135742188e+00
7.021085739135742188e+00
7.333932399749755859e+00
7.742617130279541016e+00
7.742617130279541016e+00
8.006765365600585938e+00
8.006765365600585938e+00
8.419145584106445312e+00
8.419145584106445312e+00
8.816242218017578125e+00
9.107993125915527344e+00
9.107993125915527344e+00
9.430281639099121094e+00
9.430281639099121094e+00
9.644175529479980469e+00
9.644175529479980469e+00
1.001203441619873047e+01
1.020357608795166016e+01
1.020357608795166016e+01
1.050854587554931641e+01
1.065833091735839844e+01
1.065833091735839844e+01
1.094179153442382812e+01
1.094179153442382812e+01
1.110921859741210938e+01
1.134064102172851562e+01
1.134064102172851562e+01
1.147146987915039062e+01
1.147146987915039062e+01
1.160137462615966797e+01
1.160137462615966797e+01
1.173043441772460938e+01
1.179467296600341797e+01
1.179467296600341797e+01
1.185873031616210938e+01
1.185873031616210938e+01
1.185873031616210938e+01
1.185873031616210938e+01
1.181604480743408203e+01
1.168750286102294922e+01
1.168750286102294922e+01
1.155817127227783203e+01
1.155817127227783203e+01
1.132969379425048828e+01
1.113140392303466797e+01
1.113140392303466797e+01
1.084040832519531250e+01
1.084040832519531250e+01
1.054326438903808594e+01
1.054326438903808594e+01
1.034526157379150391e+01
1.004818439483642578e+01
1.004818439483642578e+01
9.829580307006835938e+00
9.829580307006835938e+00
9.506243705749511719e+00
9.506243705749511719e+00
9.173216819763183594e+00
8.963104248046875000e+00
8.963104248046875000e+00
8.640049934387207031e+00
8.640049934387207031e+00
8.447009086608886719e+00
8.447009086608886719e+00
8.335117340087890625e+00
8.207825660705566406e+00
8.207825660705566406e+00
8.193588256835937500e+00
8.193588256835937500e+00
8.193588256835937500e+00
8.264586448669433594e+00
8.264586448669433594e+00
8.306961059570312500e+00
8.306961059570312500e+00
8.405186653137207031e+00
8.502519607543945312e+00
8.502519607543945312e+00
8.694572448730468750e+00
8.694572448730468750e+00
8.856494903564453125e+00
8.856494903564453125e+00
9.068670272827148438e+00
9.263877868652343750e+00
9.263877868652343750e+00
9.468327522277832031e+00
9.468327522277832031e+00
9.706315040588378906e+00
9.817314147949218750e+00
9.817314147949218750e+00
9.975771903991699219e+00
1.020357608795166016e+01
1.020357608795166016e+01
1.027462387084960938e+01
1.027462387084960938e+01
1.046210765838623047e+01
1.046210765838623047e+01
1.055481719970703125e+01
1.077241230010986328e+01
1.077241230010986328e+01
1.088555622100830078e+01
1.088555622100830078e+01
1.095301246643066406e+01
1.108700275421142578e+01
1.108700275421142578e+01
1.114248466491699219e+01
1.114248466491699219e+01
1.120880508422851562e+01
1.120880508422851562e+01
1.124186229705810547e+01
1.129681110382080078e+01
1.129681110382080078e+01
1.129681110382080078e+01
1.129681110382080078e+01
1.127485370635986328e+01
1.125286674499511719e+01
1.125286674499511719e+01
1.118672847747802734e+01
1.118672847747802734e+01
1.109811496734619141e+01
1.109811496734619141e+01
1.099780941009521484e+01
1.099780941009521484e+01
1.089682102203369141e+01
1.072689437866210938e+01
1.072689437866210938e+01
1.054326438903808594e+01
1.054326438903808594e+01
1.041549968719482422e+01
1.019169425964355469e+01
1.019169425964355469e+01
1.006021022796630859e+01
1.006021022796630859e+01
9.854074478149414062e+00
9.854074478149414062e+00
9.706315040588378906e+00
9.493619918823242188e+00
9.493619918823242188e+00
9.328178405761718750e+00
9.328178405761718750e+00
9.238051414489746094e+00
9.238051414489746094e+00
9.094901084899902344e+00
9.029203414916992188e+00
9.029203414916992188e+00
8.936550140380859375e+00
8.936550140380859375e+00
8.909931182861328125e+00
8.923249244689941406e+00
8.923249244689941406e+00
8.909931182861328125e+00
8.909931182861328125e+00
8.909931182861328125e+00
8.909931182861328125e+00
8.976356506347656250e+00
9.042374610900878906e+00
9.042374610900878906e+00
9.094901084899902344e+00
9.173216819763183594e+00
9.173216819763183594e+00
9.289643287658691406e+00
9.289643287658691406e+00
9.366578102111816406e+00
9.518854141235351562e+00
9.518854141235351562e+00
9.606725692749023438e+00
9.606725692749023438e+00
9.743434906005859375e+00
9.743434906005859375e+00
9.829580307006835938e+00
9.999958992004394531e+00
9.999958992004394531e+00
1.012015533447265625e+01
1.012015533447265625e+01
1.020357608795166016e+01
1.033351707458496094e+01
1.033351707458496094e+01
1.040382099151611328e+01
1.040382099151611328e+01
1.048534774780273438e+01
1.060092353820800781e+01
1.060092353820800781e+01
1.065833091735839844e+01
1.065833091735839844e+01
1.070407867431640625e+01
1.070407867431640625e+01
1.077241230010986328e+01
1.080645179748535156e+01
1.080645179748535156e+01
1.082909870147705078e+01
1.082909870147705078e+01
1.085170841217041016e+01
1.085170841217041016e+01
1.085170841217041016e+01
1.084040832519531250e+01
1.084040832519531250e+01
1.080645179748535156e+01
1.077241230010986328e+01
1.077241230010986328e+01
1.070407867431640625e+01
1.070407867431640625e+01
1.065833091735839844e+01
1.056635856628417969e+01
1.056635856628417969e+01
1.046210765838623047e+01
1.046210765838623047e+01
1.039213085174560547e+01
1.039213085174560547e+01
1.027462387084960938e+01
1.017980098724365234e+01
1.017980098724365234e+01
1.006021022796630859e+01
1.006021022796630859e+01
9.975771903991699219e+00
9.878517150878906250e+00
9.878517150878906250e+00
9.743434906005859375e+00
9.743434906005859375e+00
9.631706237792968750e+00
9.556598663330078125e+00
9.556598663330078125e+00
9.493619918823242188e+00
9.493619918823242188e+00
9.417570114135742188e+00
9.353793144226074219e+00
9.353793144226074219e+00
9.328178405761718750e+00
9.302503585815429688e+00
9.302503585815429688e+00
9.276768684387207031e+00
9.276768684387207031e+00
9.289643287658691406e+00
9.289643287658691406e+00
9.289643287658691406e+00
9.302503585815429688e+00
9.302503585815429688e+00
9.340992927551269531e+00
9.404844284057617188e+00
9.404844284057617188e+00
9.430281639099121094e+00
9.506243705749511719e+00
9.506243705749511719e+00
9.556598663330078125e+00
9.556598663330078125e+00
9.644175529479980469e+00
9.644175529479980469e+00
9.706315040588378906e+00
9.817314147949218750e+00
9.817314147949218750e+00
9.890718460083007812e+00
9.890718460083007812e+00
9.963659286499023438e+00
9.963659286499023438e+00
1.006021022796630859e+01
1.012015533447265625e+01
1.012015533447265625e+01
1.020357608795166016e+01
1.026281166076660156e+01
1.026281166076660156e+01
1.033351707458496094e+01
1.033351707458496094e+01
1.039213085174560547e+01
1.039213085174560547e+01
1.045047187805175781e+01
1.045047187805175781e+01
1.050854587554931641e+01
1.053170204162597656e+01
1.053170204162597656e+01
1.055481719970703125e+01
1.055481719970703125e+01
1.057789039611816406e+01
1.058941173553466797e+01
1.058941173553466797e+01
1.057789039611816406e+01
1.057789039611816406e+01
1.055481719970703125e+01
1.054326438903808594e+01
1.054326438903808594e+01
1.049695205688476562e+01
1.049695205688476562e+01
1.047373390197753906e+01
1.041549968719482422e+01
1.041549968719482422e+01
1.035699558258056641e+01
1.035699558258056641e+01
1.030999374389648438e+01
1.022730445861816406e+01
1.022730445861816406e+01
1.017980098724365234e+01
1.017980098724365234e+01
1.010819053649902344e+01
1.010819053649902344e+01
1.003614711761474609e+01
9.951534271240234375e+00
9.951534271240234375e+00
9.902907371520996094e+00
9.902907371520996094e+00
9.817314147949218750e+00
9.768114089965820312e+00
9.768114089965820312e+00
9.693914413452148438e+00
9.693914413452148438e+00
9.669072151184082031e+00
9.594215393066406250e+00
9.594215393066406250e+00
9.556598663330078125e+00
9.556598663330078125e+00
9.544031143188476562e+00
9.544031143188476562e+00
9.518854141235351562e+00
9.518854141235351562e+00
9.518854141235351562e+00
9.518854141235351562e+00
9.518854141235351562e+00
9.531449317932128906e+00
9.544031143188476562e+00
9.544031143188476562e+00
9.569150924682617188e+00
9.594215393066406250e+00
9.594215393066406250e+00
9.619222640991210938e+00
9.619222640991210938e+00
9.681500434875488281e+00
9.681500434875488281e+00
9.706315040588378906e+00
9.768114089965820312e+00
9.768114089965820312e+00
9.817314147949218750e+00
9.817314147949218750e+00
9.866302490234375000e+00
9.915082931518554688e+00
9.915082931518554688e+00
9.987872123718261719e+00
9.987872123718261719e+00
1.004818439483642578e+01
1.010819053649902344e+01
1.010819053649902344e+01
1.014404869079589844e+01
1.014404869079589844e+01
1.021544647216796875e+01
1.025098705291748047e+01
1.025098705291748047e+01
1.029821491241455078e+01
1.032176113128662109e+01
1.032176113128662109e+01
1.034526157379150391e+01
1.034526157379150391e+01
1.036871814727783203e+01
1.038043022155761719e+01
1.038043022155761719e+01
1.040382099151611328e+01
1.040382099151611328e+01
1.040382099151611328e+01
1.040382099151611328e+01
1.040382099151611328e+01
1.039213085174560547e+01
1.039213085174560547e+01
1.036871814727783203e+01
1.035699558258056641e+01
1.035699558258056641e+01
1.032176113128662109e+01
1.032176113128662109e+01
1.029821491241455078e+01
1.029821491241455078e+01
1.025098705291748047e+01
1.022730445861816406e+01
1.022730445861816406e+01
1.016789531707763672e+01
1.016789531707763672e+01
1.012015533447265625e+01
1.007222366333007812e+01
1.007222366333007812e+01
1.002409648895263672e+01
1.002409648895263672e+01
9.975771903991699219e+00
9.939396858215332031e+00
9.939396858215332031e+00
9.878517150878906250e+00
9.854074478149414062e+00
9.854074478149414062e+00
9.792740821838378906e+00
9.792740821838378906e+00
9.768114089965820312e+00
9.731075286865234375e+00
9.731075286865234375e+00
9.706315040588378906e+00
9.706315040588378906e+00
9.693914413452148438e+00
9.681500434875488281e+00
9.681500434875488281e+00
9.669072151184082031e+00
9.669072151184082031e+00
9.681500434875488281e+00
9.681500434875488281e+00
9.669072151184082031e+00
9.693914413452148438e+00
9.693914413452148438e+00
9.706315040588378906e+00
9.718701362609863281e+00
9.718701362609863281e+00
9.743434906005859375e+00
9.743434906005859375e+00
9.768114089965820312e+00
9.805033683776855469e+00
9.805033683776855469e+00
9.829580307006835938e+00
9.829580307006835938e+00
9.866302490234375000e+00
9.866302490234375000e+00
9.890718460083007812e+00
9.951534271240234375e+00
9.951534271240234375e+00
9.975771903991699219e+00
9.975771903991699219e+00
1.001203441619873047e+01
1.006021022796630859e+01
1.006021022796630859e+01
1.008422470092773438e+01
1.008422470092773438e+01
1.010819053649902344e+01
1.014404869079589844e+01
1.014404869079589844e+01
1.016789531707763672e+01
1.016789531707763672e+01
1.019169425964355469e+01
1.020357608795166016e+01
1.020357608795166016e+01
1.020357608795166016e+01
1.023915195465087891e+01
1.023915195465087891e+01
1.023915195465087891e+01
1.023915195465087891e+01
1.025098705291748047e+01
1.023915195465087891e+01
1.023915195465087891e+01
1.023915195465087891e+01
1.023915195465087891e+01
1.023915195465087891e+01
1.021544647216796875e+01
1.021544647216796875e+01
1.021544647216796875e+01
1.020357608795166016e+01
1.020357608795166016e+01
1.019169425964355469e+01
1.019169425964355469e+01
1.017980098724365234e+01
1.017980098724365234e+01
1.014404869079589844e+01
1.012015533447265625e+01
1.012015533447265625e+01
1.008422470092773438e+01
1.007222366333007812e+01
1.007222366333007812e+01
1.003614711761474609e+01
1.003614711761474609e+01
9.987872123718261719e+00
9.951534271240234375e+00
9.951534271240234375e+00
9.927246093750000000e+00
9.927246093750000000e+00
9.902907371520996094e+00
9.890718460083007812e+00
9.890718460083007812e+00
9.854074478149414062e+00
9.854074478149414062e+00
9.841834068298339844e+00
9.829580307006835938e+00
9.829580307006835938e+00
9.829580307006835938e+00
9.829580307006835938e+00
9.805033683776855469e+00
9.805033683776855469e+00
9.792740821838378906e+00
9.805033683776855469e+00
9.805033683776855469e+00
9.792740821838378906e+00
9.780434608459472656e+00
9.780434608459472656e+00
9.805033683776855469e+00
9.805033683776855469e+00
9.817314147949218750e+00
9.817314147949218750e+00
9.829580307006835938e+00
9.841834068298339844e+00
9.841834068298339844e+00
9.866302490234375000e+00
9.890718460083007812e+00
9.890718460083007812e+00
9.902907371520996094e+00
9.902907371520996094e+00
9.927246093750000000e+00
9.975771903991699219e+00
9.975771903991699219e+00
9.987872123718261719e+00
9.987872123718261719e+00
9.999958992004394531e+00
1.002409648895263672e+01
1.002409648895263672e+01
1.004818439483642578e+01
1.004818439483642578e+01
1.007222366333007812e+01
1.008422470092773438e+01
1.008422470092773438e+01
1.010819053649902344e+01
1.010819053649902344e+01
1.013210773468017578e+01
1.014404869079589844e+01
1.014404869079589844e+01
1.014404869079589844e+01
1.015597820281982422e+01
1.015597820281982422e+01
1.015597820281982422e+01
1.016789531707763672e+01
1.016789531707763672e+01
1.015597820281982422e+01
1.015597820281982422e+01
1.015597820281982422e+01
1.016789531707763672e+01
1.016789531707763672e+01
1.016789531707763672e+01
1.016789531707763672e+01
1.015597820281982422e+01
1.014404869079589844e+01
1.014404869079589844e+01
1.013210773468017578e+01
1.013210773468017578e+01
1.010819053649902344e+01
1.008422470092773438e+01
1.008422470092773438e+01
1.006021022796630859e+01
1.006021022796630859e+01
1.004818439483642578e+01
1.003614711761474609e+01
1.003614711761474609e+01
9.999958992004394531e+00
9.999958992004394531e+00
9.987872123718261719e+00
9.951534271240234375e+00
9.951534271240234375e+00
9.951534271240234375e+00
9.951534271240234375e+00
9.927246093750000000e+00
9.927246093750000000e+00
9.927246093750000000e+00
9.915082931518554688e+00
9.915082931518554688e+00
9.890718460083007812e+00
9.890718460083007812e+00
9.890718460083007812e+00
9.878517150878906250e+00
9.878517150878906250e+00
9.866302490234375000e+00
9.866302490234375000e+00
9.866302490234375000e+00
9.866302490234375000e+00
9.866302490234375000e+00
9.866302490234375000e+00
9.866302490234375000e+00
9.866302490234375000e+00
9.866302490234375000e+00
9.866302490234375000e+00
9.866302490234375000e+00
9.878517150878906250e+00
9.878517150878906250e+00
9.890718460083007812e+00
9.890718460083007812e+00
9.902907371520996094e+00
9.927246093750000000e+00
9.927246093750000000e+00
9.927246093750000000e+00
9.951534271240234375e+00
9.951534271240234375e+00
9.963659286499023438e+00
9.963659286499023438e+00
9.975771903991699219e+00
1.001203441619873047e+01
1.001203441619873047e+01
1.001203441619873047e+01
1.001203441619873047e+01
1.002409648895263672e+01
1.002409648895263672e+01
1.002409648895263672e+01
1.004818439483642578e+01
1.004818439483642578e+01
1.003614711761474609e+01
1.007222366333007812e+01
1.007222366333007812e+01
1.008422470092773438e+01
1.007222366333007812e+01
1.007222366333007812e+01
1.008422470092773438e+01
1.008422470092773438e+01
1.008422470092773438e+01
1.008422470092773438e+01
1.016789531707763672e+01
1.020357608795166016e+01
1.020357608795166016e+01
1.025098705291748047e+01
1.025098705291748047e+01
1.032176113128662109e+01
1.036871814727783203e+01
1.036871814727783203e+01
1.047373390197753906e+01
1.054326438903808594e+01
1.054326438903808594e+01
1.064686870574951172e+01
1.064686870574951172e+01
1.070407867431640625e+01
1.072689437866210938e+01
1.072689437866210938e+01
1.076104640960693359e+01
1.076104640960693359e+01
1.077241230010986328e+01
1.078376770019531250e+01
1.078376770019531250e+01
1.077241230010986328e+01
1.077241230010986328e+01
1.072689437866210938e+01
1.069265651702880859e+01
1.069265651702880859e+01
1.062391662597656250e+01
1.062391662597656250e+01
1.056635856628417969e+01
1.056635856628417969e+01
1.047373390197753906e+01
1.039213085174560547e+01
1.039213085174560547e+01
1.017980098724365234e+01
1.017980098724365234e+01
1.009621334075927734e+01
1.013210773468017578e+01
1.013210773468017578e+01
1.012015533447265625e+01
1.012015533447265625e+01
1.014404869079589844e+01
1.012015533447265625e+01
1.012015533447265625e+01
1.013210773468017578e+01
1.014404869079589844e+01
1.014404869079589844e+01
1.001203441619873047e+01
9.768114089965820312e+00
9.768114089965820312e+00
9.569150924682617188e+00
9.569150924682617188e+00
9.212163925170898438e+00
8.963104248046875000e+00
8.963104248046875000e+00
8.653706550598144531e+00
8.653706550598144531e+00
8.585249900817871094e+00
8.405186653137207031e+00
8.405186653137207031e+00
8.391209602355957031e+00
8.391209602355957031e+00
8.391209602355957031e+00
8.363200187683105469e+00
8.363200187683105469e+00
8.405186653137207031e+00
8.405186653137207031e+00
8.433086395263671875e+00
8.502519607543945312e+00
8.502519607543945312e+00
8.653706550598144531e+00
8.653706550598144531e+00
8.721729278564453125e+00
8.869878768920898438e+00
8.869878768920898438e+00
8.976356506347656250e+00
9.212163925170898438e+00
9.212163925170898438e+00
9.366578102111816406e+00
9.366578102111816406e+00
9.544031143188476562e+00
9.693914413452148438e+00
9.693914413452148438e+00
9.927246093750000000e+00
9.927246093750000000e+00
1.003614711761474609e+01
1.003614711761474609e+01
1.021544647216796875e+01
1.034526157379150391e+01
1.034526157379150391e+01
1.054326438903808594e+01
1.054326438903808594e+01
1.063539791107177734e+01
1.079511451721191406e+01
1.079511451721191406e+01
1.086299991607666016e+01
1.086299991607666016e+01
1.096422386169433594e+01
1.100898742675781250e+01
1.100898742675781250e+01
1.109811496734619141e+01
1.114248466491699219e+01
1.114248466491699219e+01
1.117567920684814453e+01
1.117567920684814453e+01
1.118672847747802734e+01
1.123085117340087891e+01
1.123085117340087891e+01
1.116462230682373047e+01
1.116462230682373047e+01
1.112031555175781250e+01
1.112031555175781250e+01
1.109811496734619141e+01
1.097542762756347656e+01
1.097542762756347656e+01
1.090807628631591797e+01
1.090807628631591797e+01
1.079511451721191406e+01
1.068122386932373047e+01
1.068122386932373047e+01
1.052012920379638672e+01
1.052012920379638672e+01
1.039213085174560547e+01
1.022730445861816406e+01
1.022730445861816406e+01
1.006021022796630859e+01
1.006021022796630859e+01
9.951534271240234375e+00
9.731075286865234375e+00
9.731075286865234375e+00
9.631706237792968750e+00
9.631706237792968750e+00
9.468327522277832031e+00
9.404844284057617188e+00
9.404844284057617188e+00
9.250972747802734375e+00
9.250972747802734375e+00
9.186214447021484375e+00
9.081793785095214844e+00
9.081793785095214844e+00
9.042374610900878906e+00
9.002812385559082031e+00
9.002812385559082031e+00
8.989592552185058594e+00
8.989592552185058594e+00
9.016016006469726562e+00
9.002812385559082031e+00
9.002812385559082031e+00
9.068670272827148438e+00
9.068670272827148438e+00
9.107993125915527344e+00
9.173216819763183594e+00
9.173216819763183594e+00
9.238051414489746094e+00
9.238051414489746094e+00
9.302503585815429688e+00
9.480980873107910156e+00
9.480980873107910156e+00
9.544031143188476562e+00
9.544031143188476562e+00
9.631706237792968750e+00
9.743434906005859375e+00
9.743434906005859375e+00
9.866302490234375000e+00
9.866302490234375000e+00
9.915082931518554688e+00
1.007222366333007812e+01
1.007222366333007812e+01
1.014404869079589844e+01
1.014404869079589844e+01
1.027462387084960938e+01
1.032176113128662109e+01
1.032176113128662109e+01
1.048534774780273438e+01
1.048534774780273438e+01
1.050854587554931641e+01
1.060092353820800781e+01
1.060092353820800781e+01
1.066978263854980469e+01
1.066978263854980469e+01
1.071549129486083984e+01
1.073828792572021484e+01
1.073828792572021484e+01
1.077241230010986328e+01
1.077241230010986328e+01
1.076104640960693359e+01
1.076104640960693359e+01
1.080645179748535156e+01
1.076104640960693359e+01
1.076104640960693359e+01
1.076104640960693359e+01
1.070407867431640625e+01
1.070407867431640625e+01
1.068122386932373047e+01
1.068122386932373047e+01
1.062391662597656250e+01
1.062391662597656250e+01
1.052012920379638672e+01
1.043882560729980469e+01
1.043882560729980469e+01
1.039213085174560547e+01
1.039213085174560547e+01
1.026281166076660156e+01
1.020357608795166016e+01
1.020357608795166016e+01
1.008422470092773438e+01
1.008422470092773438e+01
9.999958992004394531e+00
9.841834068298339844e+00
9.841834068298339844e+00
9.841834068298339844e+00
9.841834068298339844e+00
9.718701362609863281e+00
9.606725692749023438e+00
9.606725692749023438e+00
9.531449317932128906e+00
9.531449317932128906e+00
9.480980873107910156e+00
9.430281639099121094e+00
9.430281639099121094e+00
9.417570114135742188e+00
9.379348754882812500e+00
9.379348754882812500e+00
9.302503585815429688e+00
9.366578102111816406e+00
9.366578102111816406e+00
9.328178405761718750e+00
9.328178405761718750e+00
9.366578102111816406e+00
9.366578102111816406e+00
9.147173881530761719e+00
8.909931182861328125e+00
8.909931182861328125e+00
8.680967330932617188e+00
8.321047782897949219e+00
8.321047782897949219e+00
8.193588256835937500e+00
8.193588256835937500e+00
8.264586448669433594e+00
8.321047782897949219e+00
8.321047782897949219e+00
8.585249900817871094e+00
8.585249900817871094e+00
8.856494903564453125e+00
9.055530548095703125e+00
9.055530548095703125e+00
9.289643287658691406e+00
9.289643287658691406e+00
9.442977905273437500e+00
9.669072151184082031e+00
9.669072151184082031e+00
9.902907371520996094e+00
9.902907371520996094e+00
1.013210773468017578e+01
1.027462387084960938e+01
1.027462387084960938e+01
1.049695205688476562e+01
1.058941173553466797e+01
1.058941173553466797e+01
1.076104640960693359e+01
1.076104640960693359e+01
1.097542762756347656e+01
1.097542762756347656e+01
1.118672847747802734e+01
1.134064102172851562e+01
1.134064102172851562e+01
1.150403022766113281e+01
1.150403022766113281e+01
1.162294101715087891e+01
1.182672309875488281e+01
1.182672309875488281e+01
1.196511840820312500e+01
1.196511840820312500e+01
1.212391471862792969e+01
1.230292129516601562e+01
1.230292129516601562e+01
1.241830635070800781e+01
1.256477355957031250e+01
1.256477355957031250e+01
1.271092605590820312e+01
1.271092605590820312e+01
1.288815879821777344e+01
1.288815879821777344e+01
1.299237728118896484e+01
1.318008136749267578e+01
1.318008136749267578e+01
1.335769653320312500e+01
1.335769653320312500e+01
1.347290992736816406e+01
1.365157699584960938e+01
1.365157699584960938e+01
1.374653244018554688e+01
1.387360858917236328e+01
1.387360858917236328e+01
1.405469989776611328e+01
1.416189002990722656e+01
1.416189002990722656e+01
1.429124832153320312e+01
1.429124832153320312e+01
1.445418643951416016e+01
1.457463264465332031e+01
1.457463264465332031e+01
1.476253414154052734e+01
1.476253414154052734e+01
1.484057140350341797e+01
1.506585884094238281e+01
1.506585884094238281e+01
1.516843605041503906e+01
1.516843605041503906e+01
1.532958507537841797e+01
1.545762825012207031e+01
1.545762825012207031e+01
1.557517814636230469e+01
1.570580291748046875e+01
1.570580291748046875e+01
1.583786869049072266e+01
1.583786869049072266e+01
1.597143936157226562e+01
1.602039718627929688e+01
1.602039718627929688e+01
1.613132095336914062e+01
1.613132095336914062e+01
1.621835327148437500e+01
1.625586128234863281e+01
1.625586128234863281e+01
1.625586128234863281e+01
1.625586128234863281e+01
1.626839065551757812e+01
1.628093528747558594e+01
1.628093528747558594e+01
1.626839065551757812e+01
1.626839065551757812e+01
1.621835327148437500e+01
1.613132095336914062e+01
1.613132095336914062e+01
1.606956291198730469e+01
1.606956291198730469e+01
1.592269039154052734e+01
1.584994888305664062e+01
1.584994888305664062e+01
1.572970581054687500e+01
1.572970581054687500e+01
1.553979587554931641e+01
1.541091728210449219e+01
1.541091728210449219e+01
1.520280265808105469e+01
1.520280265808105469e+01
1.508858680725097656e+01
1.484057140350341797e+01
1.484057140350341797e+01
1.474031162261962891e+01
1.474031162261962891e+01
1.458562564849853516e+01
1.449788665771484375e+01
1.449788665771484375e+01
1.434540176391601562e+01
1.434540176391601562e+01
1.425883007049560547e+01
1.425883007049560547e+01
1.418339252471923828e+01
1.410822868347167969e+01
1.410822868347167969e+01
1.406539535522460938e+01
1.406539535522460938e+01
1.407609653472900391e+01
1.405469989776611328e+01
1.405469989776611328e+01
1.403332424163818359e+01
1.404400920867919922e+01
1.404400920867919922e+01
1.407609653472900391e+01
1.407609653472900391e+01
1.411895084381103516e+01
1.414040946960449219e+01
1.414040946960449219e+01
1.422646522521972656e+01
1.422646522521972656e+01
1.430206680297851562e+01
1.430206680297851562e+01
1.436710643768310547e+01
1.442148208618164062e+01
1.442148208618164062e+01
1.453073501586914062e+01
1.460763263702392578e+01
1.460763263702392578e+01
1.468489360809326172e+01
1.468489360809326172e+01
1.480707740783691406e+01
1.480707740783691406e+01
1.495277118682861328e+01
1.495277118682861328e+01
1.502051448822021484e+01
1.502051448822021484e+01
1.513415718078613281e+01
1.520280265808105469e+01
1.520280265808105469e+01
1.531800842285156250e+01
1.531800842285156250e+01
1.538762664794921875e+01
1.548104953765869141e+01
1.548104953765869141e+01
1.555157852172851562e+01
1.555157852172851562e+01
1.563437843322753906e+01
1.567003726959228516e+01
1.567003726959228516e+01
1.574167537689208984e+01
1.574167537689208984e+01
1.578967380523681641e+01
1.578967380523681641e+01
1.581374645233154297e+01
1.580170440673828125e+01
1.580170440673828125e+01
1.577765560150146484e+01
1.577765560150146484e+01
1.580170440673828125e+01
1.577765560150146484e+01
1.577765560150146484e+01
1.571774768829345703e+01
1.571774768829345703e+01
1.570580291748046875e+01
1.563437843322753906e+01
1.563437843322753906e+01
1.558699512481689453e+01
1.558699512481689453e+01
1.548104953765869141e+01
1.543425083160400391e+01
1.543425083160400391e+01
1.528333950042724609e+01
1.528333950042724609e+01
1.523725795745849609e+01
1.511135292053222656e+01
1.511135292053222656e+01
1.504316806793212891e+01
1.504316806793212891e+01
1.494151210784912109e+01
1.494151210784912109e+01
1.490778732299804688e+01
1.476253414154052734e+01
1.476253414154052734e+01
1.469596099853515625e+01
1.469596099853515625e+01
1.461864662170410156e+01
1.455266952514648438e+01
1.455266952514648438e+01
1.448695087432861328e+01
1.448695087432861328e+01
1.445418643951416016e+01
1.441059398651123047e+01
1.441059398651123047e+01
1.437796878814697266e+01
1.436710643768310547e+01
1.436710643768310547e+01
1.436710643768310547e+01
1.436710643768310547e+01
1.436710643768310547e+01
1.436710643768310547e+01
1.436710643768310547e+01
1.438883686065673828e+01
1.438883686065673828e+01
1.443237686157226562e+01
1.445418643951416016e+01
1.445418643951416016e+01
1.449788665771484375e+01
1.453073501586914062e+01
1.453073501586914062e+01
1.457463264465332031e+01
1.457463264465332031e+01
1.466278076171875000e+01
1.468489360809326172e+01
1.468489360809326172e+01
1.476253414154052734e+01
1.476253414154052734e+01
1.481823348999023438e+01
1.489656257629394531e+01
1.489656257629394531e+01
1.495277118682861328e+01
1.495277118682861328e+01
1.502051448822021484e+01
1.506585884094238281e+01
1.506585884094238281e+01
1.514557361602783203e+01
1.514557361602783203e+01
1.517988109588623047e+01
1.522576236724853516e+01
1.522576236724853516e+01
1.529488563537597656e+01
1.529488563537597656e+01
1.532958507537841797e+01
1.539926624298095703e+01
1.539926624298095703e+01
1.543425083160400391e+01
1.543425083160400391e+01
1.546933364868164062e+01
1.546933364868164062e+01
1.546933364868164062e+01
1.550451469421386719e+01
1.550451469421386719e+01
1.551626396179199219e+01
1.551626396179199219e+01
1.551626396179199219e+01
1.549277687072753906e+01
1.549277687072753906e+01
1.549277687072753906e+01
1.549277687072753906e+01
1.546933364868164062e+01
1.544593429565429688e+01
1.544593429565429688e+01
1.539926624298095703e+01
1.539926624298095703e+01
1.535276985168457031e+01
1.535276985168457031e+01
1.531800842285156250e+01
1.523725795745849609e+01
1.523725795745849609e+01
1.520280265808105469e+01
1.515699958801269531e+01
1.515699958801269531e+01
1.507721805572509766e+01
1.507721805572509766e+01
1.503183650970458984e+01
1.494151210784912109e+01
1.494151210784912109e+01
1.490778732299804688e+01
1.486294269561767578e+01
1.486294269561767578e+01
1.479592895507812500e+01
1.479592895507812500e+01
1.475141906738281250e+01
1.469596099853515625e+01
1.469596099853515625e+01
1.467383289337158203e+01
1.467383289337158203e+01
1.464069843292236328e+01
1.464069843292236328e+01
1.460763263702392578e+01
1.460763263702392578e+01
1.460763263702392578e+01
1.459662532806396484e+01
1.459662532806396484e+01
1.457463264465332031e+01
