0.000000000000000000e+00
1.045206546783447266e+00
2.106013536453247070e+00
3.135620117187500000e+00
4.196426868438720703e+00
5.257233858108520508e+00
6.286840438842773438e+00
7.332046985626220703e+00
8.348053693771362305e+00
9.424460649490356445e+00
1.048626756668090820e+01
1.153147435188293457e+01
1.260788106918334961e+01
1.369988822937011719e+01
1.474509477615356445e+01
1.577470135688781738e+01
1.681990814208984375e+01
1.789631485939025879e+01
1.892592167854309082e+01
1.998672819137573242e+01
2.101633501052856445e+01
2.209274196624755859e+01
2.313794851303100586e+01
2.416755509376525879e+01
2.521276187896728516e+01
2.624236869812011719e+01
2.731877541542053223e+01
2.837958240509033203e+01
2.945798921585083008e+01
3.053439617156982422e+01
3.161080312728881836e+01
3.265600991249084473e+01
3.368561649322509766e+01
3.480882358551025391e+01
3.586963033676147461e+01
3.694603729248046875e+01
3.799124407768249512e+01
3.903645062446594238e+01
4.008365750312805176e+01
4.114446449279785156e+01
4.217407107353210449e+01
4.325047779083251953e+01
4.428008460998535156e+01
4.535649132728576660e+01
4.640169811248779297e+01
4.744690489768981934e+01
4.850771164894104004e+01
4.953731822967529297e+01
5.058252501487731934e+01
5.164333176612854004e+01
5.267293834686279297e+01
5.371814513206481934e+01
5.474775147438049316e+01
5.580855846405029297e+01
5.683816504478454590e+01
5.786777138710021973e+01
5.894417858123779297e+01
5.999138545989990234e+01
6.102099204063415527e+01
6.206619858741760254e+01
6.314260554313659668e+01
6.418781208992004395e+01
6.521741890907287598e+01
6.632502579689025879e+01
6.737023258209228516e+01
6.843103957176208496e+01
6.947624611854553223e+01
7.053705310821533203e+01
7.158425998687744141e+01
7.267626690864562988e+01
7.378387379646301270e+01
7.482908058166503906e+01
7.587428736686706543e+01
7.691949391365051270e+01
7.801150107383728027e+01
7.908790802955627441e+01
8.014871478080749512e+01
8.119392156600952148e+01
8.223912811279296875e+01
8.331553506851196289e+01
8.437634181976318359e+01
8.545274877548217773e+01
8.649795532226562500e+01
8.752756214141845703e+01
8.860396909713745117e+01
8.969597601890563965e+01
9.075878310203552246e+01
9.180398964881896973e+01
9.284919643402099609e+01
9.389440321922302246e+01
9.492400979995727539e+01
9.596921634674072266e+01
9.699882292747497559e+01
9.805962991714477539e+01
9.908923625946044922e+01
1.001500432491302490e+02
1.011952500343322754e+02
1.022248563766479492e+02
1.032720632553100586e+02
1.043016700744628906e+02
1.053468768596649170e+02
1.063764834403991699e+02
1.074060897827148438e+02
1.084512965679168701e+02
1.094809031486511230e+02
1.105417098999023438e+02
1.115869166851043701e+02
1.126165232658386230e+02
1.136773300170898438e+02
1.147225368022918701e+02
1.157677435874938965e+02
1.168441503047943115e+02
1.179205574989318848e+02
1.189501638412475586e+02
1.199953706264495850e+02
1.210435776710510254e+02
1.221043844223022461e+02
1.231807913780212402e+02
1.242259979248046875e+02
1.252556045055389404e+02
1.263320116996765137e+02
1.274864187240600586e+02
1.285472257137298584e+02
1.295924324989318848e+02
1.306220388412475586e+02
1.316672456264495850e+02
1.327124524116516113e+02
1.337420589923858643e+02
1.348048658370971680e+02
1.358344724178314209e+02
1.369108796119689941e+02
1.379404859542846680e+02
1.389700925350189209e+02
1.400152993202209473e+02
1.410605061054229736e+02
1.420901126861572266e+02
1.431353194713592529e+02
1.441649260520935059e+02
1.452257328033447266e+02
1.462709395885467529e+02
1.473473465442657471e+02
1.483769528865814209e+02
1.494377598762512207e+02
1.504673664569854736e+02
1.514989733695983887e+02
1.525753800868988037e+02
1.536205868721008301e+02
1.546969935894012451e+02
1.557422003746032715e+02
1.568186070919036865e+02
1.578638138771057129e+02
1.589246208667755127e+02
1.600010275840759277e+02
1.610618345737457275e+02
1.621226413249969482e+02
1.631834480762481689e+02
1.642442548274993896e+02
1.652894616127014160e+02
1.663366684913635254e+02
1.673818752765655518e+02
1.684270818233489990e+02
1.695190889835357666e+02
1.705642955303192139e+02
1.716251025199890137e+02
1.726703093051910400e+02
1.736999156475067139e+02
1.747607223987579346e+02
1.758059291839599609e+02
1.768823361396789551e+02
1.779119427204132080e+02
1.789727494716644287e+02
1.800179562568664551e+02
1.810495629310607910e+02
1.821415698528289795e+02
1.831711764335632324e+02
1.842163832187652588e+02
1.852459900379180908e+02
1.863379969596862793e+02
1.873988037109375000e+02
1.884596104621887207e+02
1.895516176223754883e+02
1.905812239646911621e+02
1.916420309543609619e+02
1.926872377395629883e+02
1.937168440818786621e+02
1.947620508670806885e+02
1.957916574478149414e+02
1.968524641990661621e+02
1.978820707798004150e+02
1.989136776924133301e+02
1.999588835239410400e+02
2.009884834289550781e+02
2.020336835384368896e+02
2.030788834095001221e+02
2.041240835189819336e+02
2.051848835945129395e+02
2.062300834655761719e+02
2.072752835750579834e+02
2.083204834461212158e+02
2.093656835556030273e+02
2.104264836311340332e+02
2.114580833911895752e+02
2.125032835006713867e+02
2.135328836441040039e+02
2.145780835151672363e+02
2.156232836246490479e+02
2.166684834957122803e+02
2.177292833328247070e+02
2.187588834762573242e+02
2.198040835857391357e+02
2.208492834568023682e+02
2.218788833618164062e+02
2.229240834712982178e+02
2.239536836147308350e+02
2.249988834857940674e+02
2.260284833908081055e+02
2.270580832958221436e+02
2.281032836437225342e+02
2.291328835487365723e+02
2.301946835517883301e+02
2.312554833889007568e+02
2.323006834983825684e+02
2.333458833694458008e+02
2.343754835128784180e+02
2.354518835544586182e+02
2.364970834255218506e+02
2.375578835010528564e+02
2.385874834060668945e+02
2.396170835494995117e+02
2.406934835910797119e+02
2.417386834621429443e+02
2.427858834266662598e+02
2.438310835361480713e+02
2.448606836795806885e+02
2.458902835845947266e+02
2.469354834556579590e+02
2.479806835651397705e+02
2.490258834362030029e+02
2.500554835796356201e+02
2.511006836891174316e+02
2.521302835941314697e+02
2.531754834651947021e+02
2.542206835746765137e+02
2.552502837181091309e+02
2.563110835552215576e+02
2.573562834262847900e+02
2.583858835697174072e+02
2.594154834747314453e+02
2.604762835502624512e+02
2.615370833873748779e+02
2.625832834243774414e+02
2.637064836025238037e+02
2.647516834735870361e+02
2.658134837150573730e+02
2.668742835521697998e+02
2.679038836956024170e+02
2.689802834987640381e+02
2.700410835742950439e+02
2.710862836837768555e+02
2.721470835208892822e+02
2.731786835193634033e+02
2.742238836288452148e+02
2.752534835338592529e+02
2.762830836772918701e+02
2.773282835483551025e+02
2.783734836578369141e+02
2.794030835628509521e+02
2.804482834339141846e+02
2.814778835773468018e+02
2.825074834823608398e+02
2.835526835918426514e+02
2.845822834968566895e+02
2.856586835384368896e+02
2.866882834434509277e+02
2.877646834850311279e+02
2.888254835605621338e+02
2.898550837039947510e+02
2.909314835071563721e+02
2.919922835826873779e+02
2.930530834197998047e+02
2.940846836566925049e+02
2.951298835277557373e+02
2.962062835693359375e+02
2.972670836448669434e+02
2.983122835159301758e+02
2.993262836933135986e+02
3.003714835643768311e+02
3.014166836738586426e+02
3.025554835796356201e+02
3.035870835781097412e+02
3.046166834831237793e+02
3.056618833541870117e+02
3.066914834976196289e+02
3.077210834026336670e+02
3.087506835460662842e+02
3.097802834510803223e+02
3.108098833560943604e+02
3.118394834995269775e+02
3.128846836090087891e+02
3.139454836845397949e+02
3.149750835895538330e+02
3.160202834606170654e+02
3.170654835700988770e+02
3.181106834411621094e+02
3.192026834487915039e+02
3.202790834903717041e+02
3.213242833614349365e+02
3.223538835048675537e+02
3.234614837169647217e+02
3.245378835201263428e+02
3.256318836212158203e+02
3.266770834922790527e+02
3.277222836017608643e+02
3.287830836772918701e+02
3.298438835144042969e+02
3.309046835899353027e+02
3.319654836654663086e+02
3.329950835704803467e+02
3.340412833690643311e+02
3.350708835124969482e+02
3.361628835201263428e+02
3.372236833572387695e+02
3.382532835006713867e+02
3.392984836101531982e+02
3.403280835151672363e+02
3.413576834201812744e+02
3.424028832912445068e+02
3.434324834346771240e+02
3.445088834762573242e+02
3.455384836196899414e+02
3.465836834907531738e+02
3.476444833278656006e+02
3.486896834373474121e+02
3.497348833084106445e+02
3.507644834518432617e+02
3.518252835273742676e+02
3.528548834323883057e+02
3.539156835079193115e+02
3.549608836174011230e+02
3.560216834545135498e+02
3.570980834960937500e+02
3.581296834945678711e+02
3.591904835700988770e+02
3.602668833732604980e+02
3.613432836532592773e+02
3.624040834903717041e+02
3.634336836338043213e+02
3.644642834663391113e+02
3.655250835418701172e+02
3.665546834468841553e+02
3.675998835563659668e+02
3.686294836997985840e+02
3.696590836048126221e+02
3.707042834758758545e+02
3.717494835853576660e+02
3.727790834903717041e+02
3.738086836338043213e+02
3.748382835388183594e+02
3.758834834098815918e+02
3.769130835533142090e+02
3.779582836627960205e+02
3.789878835678100586e+02
3.800174837112426758e+02
3.810782835483551025e+02
3.821078836917877197e+02
3.831842834949493408e+02
3.842138833999633789e+02
3.852746834754943848e+02
3.863198835849761963e+02
3.873494834899902344e+02
3.884102835655212402e+02
3.894418835639953613e+02
3.904714834690093994e+02
3.915166835784912109e+02
3.925462834835052490e+02
3.935914833545684814e+02
3.946210834980010986e+02
3.956224834918975830e+02
3.966832835674285889e+02
3.977284834384918213e+02
3.987580833435058594e+02
3.998188834190368652e+02
4.008952834606170654e+02
4.019872834682464600e+02
4.030168836116790771e+02
4.040932834148406982e+02
4.051540834903717041e+02
4.062148833274841309e+02
4.072600834369659424e+02
4.082896835803985596e+02
4.093348834514617920e+02
4.103800835609436035e+02
4.114564833641052246e+02
4.125328836441040039e+02
4.135624835491180420e+02
4.145920834541320801e+02
4.156216835975646973e+02
4.166668834686279297e+02
4.176964833736419678e+02
4.187260835170745850e+02
4.197712836265563965e+02
4.208008835315704346e+02
4.218324832916259766e+02
4.228620834350585938e+02
4.238916833400726318e+02
4.249680836200714111e+02
4.260308833122253418e+02
4.271228833198547363e+02
4.282304835319519043e+02
4.292756834030151367e+02
4.303052833080291748e+02
4.313660833835601807e+02
4.324268834590911865e+02
4.335032835006713867e+02
4.345796833038330078e+02
4.356248836517333984e+02
4.366544835567474365e+02
4.377308833599090576e+02
4.388072836399078369e+02
4.398680834770202637e+02
4.409132833480834961e+02
4.419428834915161133e+02
4.429880836009979248e+02
4.440332834720611572e+02
4.450628833770751953e+02
4.461080834865570068e+02
4.471532833576202393e+02
4.481828835010528564e+02
4.492748835086822510e+02
4.503356833457946777e+02
4.514276833534240723e+02
4.524728834629058838e+02
4.535034835338592529e+02
4.545486836433410645e+02
4.555782835483551025e+02
4.566254835128784180e+02
4.576550836563110352e+02
4.587002835273742676e+02
4.597454836368560791e+02
4.607750835418701172e+02
4.618358836174011230e+02
4.628810834884643555e+02
4.639418835639953613e+02
4.650026834011077881e+02
4.660634834766387939e+02
4.671242835521697998e+02
4.681538834571838379e+02
4.691834833621978760e+02
4.702130835056304932e+02
4.712426834106445312e+02
4.722878835201263428e+02
4.733174836635589600e+02
4.743626835346221924e+02
4.754078836441040039e+02
4.764374835491180420e+02
4.774826834201812744e+02
4.785278835296630859e+02
4.795574836730957031e+02
4.806026835441589355e+02
4.816478836536407471e+02
4.827086834907531738e+02
4.837694835662841797e+02
4.847990837097167969e+02
4.858452835083007812e+02
4.868748834133148193e+02
4.879376835823059082e+02
4.889984834194183350e+02
4.900280835628509521e+02
4.910888836383819580e+02
4.921184835433959961e+02
4.931480834484100342e+02
4.941776835918426514e+02
4.952072834968566895e+02
4.962680835723876953e+02
4.973132834434509277e+02
4.984052834510803223e+02
4.994504835605621338e+02
5.005112836360931396e+02
5.015720834732055664e+02
5.026172833442687988e+02
5.036624834537506104e+02
5.047544834613800049e+02
5.057840836048126221e+02
5.068448834419250488e+02
5.078744835853576660e+02
5.089352834224700928e+02
5.099804832935333252e+02
5.110100834369659424e+02
5.120552835464477539e+02
5.130848834514617920e+02
5.141144835948944092e+02
5.151596834659576416e+02
5.161892833709716797e+02
5.172520835399627686e+02
5.182836833000183105e+02
5.193288836479187012e+02
5.203740835189819336e+02
5.214202835559844971e+02
5.224654836654663086e+02
5.235106835365295410e+02
5.246026835441589355e+02
5.256946835517883301e+02
5.267554833889007568e+02
5.278006834983825684e+02
5.288458833694458008e+02
5.299066834449768066e+02
5.309518835544586182e+02
5.319814836978912354e+02
5.330266835689544678e+02
5.340562834739685059e+02
5.350858833789825439e+02
5.361310834884643555e+02
5.371606836318969727e+02
5.382214837074279785e+02
5.392510836124420166e+02
5.402962834835052490e+02
5.413414835929870605e+02
5.423710834980010986e+02
5.434162833690643311e+02
5.444458835124969482e+02
5.454754834175109863e+02
5.465050835609436035e+02
5.475346834659576416e+02
5.485974836349487305e+02
5.496290833950042725e+02
5.506586835384368896e+02
5.517038836479187012e+02
5.527334835529327393e+02
5.538410835266113281e+02
5.548862836360931396e+02
5.559158835411071777e+02
5.569610834121704102e+02
5.579906835556030273e+02
5.590670835971832275e+02
5.601278836727142334e+02
5.611574835777282715e+02
5.622182836532592773e+02
5.632790834903717041e+02
5.643086836338043213e+02
5.653538835048675537e+02
5.663834834098815918e+02
5.674130835533142090e+02
5.684582836627960205e+02
5.694878835678100586e+02
5.705330834388732910e+02
5.715626835823059082e+02
5.726078836917877197e+02
5.736530835628509521e+02
5.746826834678649902e+02
5.757122833728790283e+02
5.767418835163116455e+02
5.777714834213256836e+02
5.788010835647583008e+02
5.798326835632324219e+02
5.808934836387634277e+02
5.819250833988189697e+02
5.830014836788177490e+02
5.840622835159301758e+02
5.851074833869934082e+02
5.861526834964752197e+02
5.871822836399078369e+02
5.882274835109710693e+02
5.892882835865020752e+02
5.903178834915161133e+02
5.913786835670471191e+02
5.924082834720611572e+02
5.934378833770751953e+02
5.944674835205078125e+02
5.954970834255218506e+02
5.965422835350036621e+02
5.975874834060668945e+02
5.986170835494995117e+02
5.996622836589813232e+02
6.006918835639953613e+02
6.017682833671569824e+02
6.028134837150573730e+02
6.038430836200714111e+02
6.048882834911346436e+02
6.059178833961486816e+02
6.070410835742950439e+02
6.081174836158752441e+02
6.091470835208892822e+02
6.101922833919525146e+02
6.112238836288452148e+02
6.122690834999084473e+02
6.133006834983825684e+02
6.143458833694458008e+02
6.153910837173461914e+02
6.164206836223602295e+02
6.174658834934234619e+02
6.184954833984375000e+02
6.195718836784362793e+02
6.206326835155487061e+02
6.216622836589813232e+02
6.226918835639953613e+02
6.237682833671569824e+02
6.247978835105895996e+02
6.258586835861206055e+02
6.268882834911346436e+02
6.279334836006164551e+02
6.290098834037780762e+02
6.300706834793090820e+02
6.311158835887908936e+02
6.321454834938049316e+02
6.331750836372375488e+02
6.342202835083007812e+02
6.352498834133148193e+02
6.362950835227966309e+02
6.373246836662292480e+02
6.383542835712432861e+02
6.393994834423065186e+02
6.404290835857391357e+02
6.414762835502624512e+02
6.425214836597442627e+02
6.435510835647583008e+02
6.445962834358215332e+02
6.456122834682464600e+02
6.466428833007812500e+02
6.476880836486816406e+02
6.487332835197448730e+02
6.497940833568572998e+02
6.508236835002899170e+02
6.518688836097717285e+02
6.529140834808349609e+02
6.539436833858489990e+02
6.549888834953308105e+02
6.560496835708618164e+02
6.570948834419250488e+02
6.581400835514068604e+02
6.591696834564208984e+02
6.602148833274841309e+02
6.612444834709167480e+02
6.622896835803985596e+02
6.633348834514617920e+02
6.643644833564758301e+02
6.654252834320068359e+02
6.664704835414886475e+02
6.675000834465026855e+02
6.685452833175659180e+02
6.695748834609985352e+02
6.706200835704803467e+02
6.716652834415435791e+02
6.727124834060668945e+02
6.737732834815979004e+02
6.748028833866119385e+02
6.758792834281921387e+02
6.769244832992553711e+02
6.779706835746765137e+02
6.790626835823059082e+02
6.801390836238861084e+02
6.811686835289001465e+02
6.821982836723327637e+02
6.832434835433959961e+02
6.842886836528778076e+02
6.853494834899902344e+02
6.864102835655212402e+02
6.874554834365844727e+02
6.885006835460662842e+02
6.895302836894989014e+02
6.905598835945129395e+02
6.916050834655761719e+02
6.926346833705902100e+02
6.936642835140228271e+02
6.947094836235046387e+02
6.957390835285186768e+02
6.967842833995819092e+02
6.978138835430145264e+02
6.988434834480285645e+02
6.998886835575103760e+02
7.009338834285736084e+02
7.020102837085723877e+02
7.030418834686279297e+02
7.040870835781097412e+02
7.051322834491729736e+02
7.061618833541870117e+02
7.071914834976196289e+02
7.082522835731506348e+02
7.092818834781646729e+02
7.103436834812164307e+02
7.113888835906982422e+02
7.124184834957122803e+02
7.134480836391448975e+02
7.144776835441589355e+02
7.155696835517883301e+02
7.166148834228515625e+02
7.176600835323333740e+02
7.187208836078643799e+02
7.197660834789276123e+02
7.208112835884094238e+02
7.218720834255218506e+02
7.229484834671020508e+02
7.239936835765838623e+02
7.250232834815979004e+02
7.260684833526611328e+02
7.271136834621429443e+02
7.281432836055755615e+02
7.292196834087371826e+02
7.302492833137512207e+02
7.312788834571838379e+02
7.323084833621978760e+02
7.333380835056304932e+02
7.344008834362030029e+02
7.354460833072662354e+02
7.364756834506988525e+02
7.375208835601806641e+02
7.385660834312438965e+02
7.396112835407257080e+02
7.406564834117889404e+02
7.416860833168029785e+02
7.427332835197448730e+02
7.437628834247589111e+02
7.448236835002899170e+02
7.458532834053039551e+02
7.468984835147857666e+02
7.479436833858489990e+02
7.489732832908630371e+02
7.500184836387634277e+02
7.510480835437774658e+02
7.521088836193084717e+02
7.531696834564208984e+02
7.541992835998535156e+02
7.552444834709167480e+02
7.562740833759307861e+02
7.573036835193634033e+02
7.583332834243774414e+02
7.593784835338592529e+02
7.604704835414886475e+02
7.615312836170196533e+02
7.626076834201812744e+02
7.636528835296630859e+02
7.646824834346771240e+02
7.657452833652496338e+02
7.667748835086822510e+02
7.678044834136962891e+02
7.688496835231781006e+02
7.698792834281921387e+02
7.709400835037231445e+02
7.719696836471557617e+02
7.730148835182189941e+02
7.740600836277008057e+02
7.750534834861755371e+02
7.761362833976745605e+02
7.771658835411071777e+02
7.782110836505889893e+02
7.792562835216522217e+02
7.803014836311340332e+02
7.813310835361480713e+02
7.823606836795806885e+02
7.834058835506439209e+02
7.844510836601257324e+02
7.854800834655761719e+02
7.865010833740234375e+02
7.875398836135864258e+02
7.886472835540771484e+02
7.896490833759307861e+02
7.906878836154937744e+02
7.917286837100982666e+02
7.927576835155487061e+02
7.938642835617065430e+02
7.949094836711883545e+02
7.959376835823059082e+02
7.970048835277557373e+02
7.980500833988189697e+02
7.990796833038330078e+02
8.001092834472656250e+02
8.011388833522796631e+02
8.021840834617614746e+02
8.032136836051940918e+02
8.042432835102081299e+02
8.052572834491729736e+02
8.063024835586547852e+02
8.073330833911895752e+02
8.083626835346221924e+02
8.094390835762023926e+02
8.105154833793640137e+02
8.115918836593627930e+02
8.126370835304260254e+02
8.136978833675384521e+02
8.147274835109710693e+02
8.158038835525512695e+02
8.168334836959838867e+02
8.178942835330963135e+02
8.189238836765289307e+02
8.199534835815429688e+02
8.209986834526062012e+02
8.220282833576202393e+02
8.230734837055206299e+02
8.241030836105346680e+02
8.251326835155487061e+02
8.261934835910797119e+02
8.272250835895538330e+02
8.283014836311340332e+02
8.294090833663940430e+02
8.304698834419250488e+02
8.315618834495544434e+02
8.325914833545684814e+02
8.336522834300994873e+02
8.347130835056304932e+02
8.357426834106445312e+02
8.368034834861755371e+02
8.378486835956573486e+02
8.388782835006713867e+02
8.399566836357116699e+02
8.410018835067749023e+02
8.420792834758758545e+02
8.431088836193084717e+02
8.441540834903717041e+02
8.451836833953857422e+02
8.462444834709167480e+02
8.472740833759307861e+02
8.483192834854125977e+02
8.493644833564758301e+02
8.503940834999084473e+02
8.514236834049224854e+02
8.524844834804534912e+02
8.535140833854675293e+02
8.545592834949493408e+02
8.555888836383819580e+02
8.566340835094451904e+02
8.577260835170745850e+02
8.588044834136962891e+02
8.599120836257934570e+02
8.609416835308074951e+02
8.620024836063385010e+02
8.630632834434509277e+02
8.641240835189819336e+02
8.651692833900451660e+02
8.661982836723327637e+02
8.672342836856842041e+02
8.683082835674285889e+02
8.693244833946228027e+02
8.703652834892272949e+02
8.714158835411071777e+02
8.724918835163116455e+02
8.735036833286285400e+02
8.745680835247039795e+02
8.756756834983825684e+02
8.767208836078643799e+02
8.777660834789276123e+02
8.787906835079193115e+02
8.797918837070465088e+02
8.808694837093353271e+02
8.818990836143493652e+02
8.829286835193634033e+02
8.839894835948944092e+02
8.850526835918426514e+02
8.860972833633422852e+02
8.871412835121154785e+02
8.881708834171295166e+02
8.892160835266113281e+02
8.902632834911346436e+02
8.913084833621978760e+02
8.923692834377288818e+02
8.933988833427429199e+02
8.944440834522247314e+02
8.954736835956573486e+02
8.965188834667205811e+02
8.975640835762023926e+02
8.985936834812164307e+02
8.996232836246490479e+02
9.006684834957122803e+02
9.017604835033416748e+02
9.028056836128234863e+02
9.038372833728790283e+02
9.048824834823608398e+02
9.059120836257934570e+02
9.070040836334228516e+02
9.080960836410522461e+02
9.091256835460662842e+02
9.101552834510803223e+02
9.112004833221435547e+02
9.122300834655761719e+02
9.132752835750579834e+02
9.143048834800720215e+02
9.153500833511352539e+02
9.163952834606170654e+02
9.174248836040496826e+02
9.184544835090637207e+02
9.194684834480285645e+02
9.205156834125518799e+02
9.215618834495544434e+02
9.225914833545684814e+02
9.236366837024688721e+02
9.246818835735321045e+02
9.257426834106445312e+02
9.268034834861755371e+02
9.278330833911895752e+02
9.288782835006713867e+02
9.299078836441040039e+02
9.309530835151672363e+02
9.319982836246490479e+02
9.330278835296630859e+02
9.340730834007263184e+02
9.351026835441589355e+02
9.361342835426330566e+02
9.371950836181640625e+02
9.382246835231781006e+02
9.392698833942413330e+02
9.403150835037231445e+02
9.413602833747863770e+02
9.424210834503173828e+02
9.434662835597991943e+02
9.445270836353302002e+02
9.455878837108612061e+02
9.466330835819244385e+02
9.476782836914062500e+02
9.487078835964202881e+02
9.497842833995819092e+02
9.508450834751129150e+02
9.519078836441040039e+02
9.529842834472656250e+02
9.540138835906982422e+02
9.550902836322784424e+02
9.561354835033416748e+02
9.572118835449218750e+02
9.582570834159851074e+02
9.592866835594177246e+02
9.603318836688995361e+02
9.613926835060119629e+02
9.624222836494445801e+02
9.634830834865570068e+02
9.645126836299896240e+02
9.655422835350036621e+02
9.665874834060668945e+02
9.676170835494995117e+02
9.686642835140228271e+02
9.697406835556030273e+02
9.707702836990356445e+02
9.718154835700988770e+02
9.728450834751129150e+02
9.739214835166931152e+02
9.749666833877563477e+02
9.759962835311889648e+02
9.770414836406707764e+02
9.780710835456848145e+02
9.791006836891174316e+02
9.801458835601806641e+02
9.811754834651947021e+02
9.822206835746765137e+02
9.832678835391998291e+02
9.842974836826324463e+02
9.853270835876464844e+02
9.863566834926605225e+02
9.874018833637237549e+02
9.884626834392547607e+02
9.894922835826873779e+02
9.905374836921691895e+02
9.915670835971832275e+02
9.926122834682464600e+02
9.936418833732604980e+02
9.947026834487915039e+02
9.957634835243225098e+02
9.967930834293365479e+02
9.978382835388183594e+02
9.988678836822509766e+02
9.999130835533142090e+02
1.000960283517837524e+03
1.002005483627319336e+03
1.003066283702850342e+03
1.004095883607864380e+03
1.005125483512878418e+03
1.006170683383941650e+03
1.007200283527374268e+03
1.008245483636856079e+03
1.009290683507919312e+03
1.010335883617401123e+03
1.011381083488464355e+03
1.012410683393478394e+03
1.013440283536911011e+03
1.014471883535385132e+03
1.015532683610916138e+03
1.016624683618545532e+03
1.017732283353805542e+03
1.018793083429336548e+03
1.019869483709335327e+03
1.020899083614349365e+03
1.021975483417510986e+03
1.023005083560943604e+03
1.024065883398056030e+03
1.025095483541488647e+03
1.026125083446502686e+03
1.027170283555984497e+03
1.028199883699417114e+03
1.029245083570480347e+03
1.030274683475494385e+03
1.031319883584976196e+03
1.032365083456039429e+03
1.033394683361053467e+03
1.034441883563995361e+03
1.035471483469009399e+03
1.036501083374023438e+03
1.037577483654022217e+03
1.038622683525085449e+03
1.039667883634567261e+03
1.040697483539581299e+03
1.041758283615112305e+03
1.042803483486175537e+03
1.043833083391189575e+03
1.044893883466720581e+03
1.045909883499145508e+03
1.046940483331680298e+03
1.048001283407211304e+03
1.049030883312225342e+03
1.050076083421707153e+03
1.051105683565139771e+03
1.052135283470153809e+03
1.053180483341217041e+03
1.054225683450698853e+03
1.055317683458328247e+03
1.056409683465957642e+03
1.057470483541488647e+03
1.058500083446502686e+03
1.059545283317565918e+03
1.060574883460998535e+03
1.061620083570480347e+03
1.062649683475494385e+03
1.063679283618927002e+03
1.064724483489990234e+03
1.065754083395004272e+03
1.066816883563995361e+03
1.067862083435058594e+03
1.068891683340072632e+03
1.069936883449554443e+03
1.070966483592987061e+03
1.071996083498001099e+03
1.073056883573532104e+03
1.074086483478546143e+03
1.075147283554077148e+03
1.076192483425140381e+03
1.077255283594131470e+03
1.078284883499145508e+03
1.079330083370208740e+03
1.080375283479690552e+03
1.081420483350753784e+03
1.082465683460235596e+03
1.083495283603668213e+03
1.084540483474731445e+03
1.085601283311843872e+03
1.086630883455276489e+03
1.087676083564758301e+03
1.088721283435821533e+03
1.089766483545303345e+03
1.090796083450317383e+03
1.091825683593750000e+03
1.092870883464813232e+03
1.093900483369827271e+03
1.094961283445358276e+03
1.095990883350372314e+03
1.097020483493804932e+03
1.098065683603286743e+03
1.099097283363342285e+03
1.100158083438873291e+03
1.101187683343887329e+03
1.102232883453369141e+03
1.103293683528900146e+03
1.104401283502578735e+03
1.105446483612060547e+03
1.106476083517074585e+03
1.107505683422088623e+03
1.108552883625030518e+03
1.109613683462142944e+03
1.110658883333206177e+03
1.111688483476638794e+03
1.112733683586120605e+03
1.113763283491134644e+03
1.114808483362197876e+03
1.115869283437728882e+03
1.116898883342742920e+03
1.117944083452224731e+03
1.119020483493804932e+03
1.120050083398818970e+03
1.121095283508300781e+03
1.122124883651733398e+03
1.123154483556747437e+03
1.124215283632278442e+03
1.125244883537292480e+03
1.126290083408355713e+03
1.127350883483886719e+03
1.128380483388900757e+03
1.129425683498382568e+03
1.130470883369445801e+03
1.131532683610916138e+03
1.132577883481979370e+03
1.133623083591461182e+03
1.134683883666992188e+03
1.135713483572006226e+03
1.136758683443069458e+03
1.137803883552551270e+03
1.138833483695983887e+03
1.139880683660507202e+03
1.140925883531570435e+03
1.142017883539199829e+03
1.143078683376312256e+03
1.144108283519744873e+03
1.145153483629226685e+03
1.146183083534240723e+03
1.147212683677673340e+03
1.148242283582687378e+03
1.149271883487701416e+03
1.150317083358764648e+03
1.151362283706665039e+03
1.152423083543777466e+03
1.153468283414840698e+03
1.154497883558273315e+03
1.155527483463287354e+03
1.156588283538818359e+03
1.157617883443832397e+03
1.158663083553314209e+03
1.159692683696746826e+03
1.160722283601760864e+03
1.161767483472824097e+03
1.162812683582305908e+03
1.163891083717346191e+03
1.164936283588409424e+03
1.165981483697891235e+03
1.167011083602905273e+03
1.168056283473968506e+03
1.169117083549499512e+03
1.170146683454513550e+03
1.171193883419036865e+03
1.172224483489990234e+03
1.173254083395004272e+03
1.174299283504486084e+03
1.175344483375549316e+03
1.176405283451080322e+03
1.177434883356094360e+03
1.178480083465576172e+03
1.179525283336639404e+03
1.180586083412170410e+03
1.181678083419799805e+03
1.182707683324813843e+03
1.183737283468246460e+03
1.184782483577728271e+03
1.185843283653259277e+03
1.186888483524322510e+03
1.187918083429336548e+03
1.188963283538818359e+03
1.189992883443832397e+03
1.191053683519363403e+03
1.192098883390426636e+03
1.193128483295440674e+03
1.194189283370971680e+03
1.195234483480453491e+03
1.196264083623886108e+03
1.197311283588409424e+03
1.198340883493423462e+03
1.199370483636856079e+03
1.200415683507919312e+03
1.201445283412933350e+03
1.202492483377456665e+03
1.203522083520889282e+03
1.204551683425903320e+03
1.205596883535385132e+03
1.206626483440399170e+03
1.207687283515930176e+03
1.208716883420944214e+03
1.209746483564376831e+03
1.210776083469390869e+03
1.211805683612823486e+03
1.212866483449935913e+03
1.213911683320999146e+03
1.214971883535385132e+03
1.216032083511352539e+03
