1.560020446777343750e-02
3.120040893554687500e-02
0.000000000000000000e+00
3.120017051696777344e-02
3.120017051696777344e-02
0.000000000000000000e+00
1.559972763061523438e-02
0.000000000000000000e+00
3.120017051696777344e-02
3.120017051696777344e-02
0.000000000000000000e+00
3.120017051696777344e-02
3.120017051696777344e-02
1.559996604919433594e-02
0.000000000000000000e+00
1.560020446777343750e-02
4.680013656616210938e-02
0.000000000000000000e+00
3.120017051696777344e-02
0.000000000000000000e+00
3.120017051696777344e-02
1.560020446777343750e-02
0.000000000000000000e+00
1.560020446777343750e-02
0.000000000000000000e+00
3.119993209838867188e-02
3.120017051696777344e-02
3.119993209838867188e-02
3.120017051696777344e-02
3.120040893554687500e-02
1.559996604919433594e-02
0.000000000000000000e+00
6.240034103393554688e-02
1.560020446777343750e-02
3.120017051696777344e-02
1.560020446777343750e-02
0.000000000000000000e+00
1.560020446777343750e-02
3.120040893554687500e-02
0.000000000000000000e+00
4.680013656616210938e-02
0.000000000000000000e+00
4.680013656616210938e-02
0.000000000000000000e+00
1.560020446777343750e-02
3.119993209838867188e-02
0.000000000000000000e+00
1.560020446777343750e-02
3.119993209838867188e-02
0.000000000000000000e+00
1.560020446777343750e-02
0.000000000000000000e+00
3.120017051696777344e-02
0.000000000000000000e+00
0.000000000000000000e+00
4.680037498474121094e-02
0.000000000000000000e+00
0.000000000000000000e+00
0.000000000000000000e+00
4.680037498474121094e-02
1.560020446777343750e-02
0.000000000000000000e+00
7.800054550170898438e-02
0.000000000000000000e+00
3.120040893554687500e-02
0.000000000000000000e+00
1.560020446777343750e-02
1.559996604919433594e-02
4.680037498474121094e-02
4.680037498474121094e-02
1.560020446777343750e-02
1.560020446777343750e-02
0.000000000000000000e+00
3.120040893554687500e-02
3.120040893554687500e-02
1.559996604919433594e-02
1.560020446777343750e-02
0.000000000000000000e+00
3.120017051696777344e-02
1.560020446777343750e-02
3.120017051696777344e-02
1.560020446777343750e-02
0.000000000000000000e+00
3.120017051696777344e-02
3.119993209838867188e-02
1.660013198852539062e-02
1.559996604919433594e-02
0.000000000000000000e+00
1.559996604919433594e-02
0.000000000000000000e+00
1.559996604919433594e-02
0.000000000000000000e+00
1.560020446777343750e-02
0.000000000000000000e+00
0.000000000000000000e+00
1.560020446777343750e-02
0.000000000000000000e+00
1.560020446777343750e-02
0.000000000000000000e+00
0.000000000000000000e+00
0.000000000000000000e+00
0.000000000000000000e+00
1.560020446777343750e-02
0.000000000000000000e+00
1.560020446777343750e-02
1.560020446777343750e-02
0.000000000000000000e+00
1.560020446777343750e-02
0.000000000000000000e+00
0.000000000000000000e+00
1.560020446777343750e-02
4.680037498474121094e-02
0.000000000000000000e+00
0.000000000000000000e+00
3.120017051696777344e-02
0.000000000000000000e+00
4.680037498474121094e-02
1.560020446777343750e-02
0.000000000000000000e+00
4.680037498474121094e-02
1.092004776000976562e-01
3.120040893554687500e-02
1.560020446777343750e-02
0.000000000000000000e+00
1.560020446777343750e-02
1.560020446777343750e-02
0.000000000000000000e+00
3.120017051696777344e-02
0.000000000000000000e+00
4.680061340332031250e-02
0.000000000000000000e+00
0.000000000000000000e+00
1.560020446777343750e-02
0.000000000000000000e+00
0.000000000000000000e+00
1.559996604919433594e-02
0.000000000000000000e+00
3.120017051696777344e-02
0.000000000000000000e+00
4.680037498474121094e-02
0.000000000000000000e+00
3.120017051696777344e-02
0.000000000000000000e+00
0.000000000000000000e+00
4.680013656616210938e-02
0.000000000000000000e+00
4.680037498474121094e-02
0.000000000000000000e+00
4.680037498474121094e-02
0.000000000000000000e+00
1.560020446777343750e-02
3.119993209838867188e-02
1.560020446777343750e-02
1.560020446777343750e-02
1.559996604919433594e-02
3.120040893554687500e-02
0.000000000000000000e+00
1.560020446777343750e-02
1.560020446777343750e-02
0.000000000000000000e+00
6.240057945251464844e-02
0.000000000000000000e+00
0.000000000000000000e+00
1.559996604919433594e-02
0.000000000000000000e+00
3.120017051696777344e-02
0.000000000000000000e+00
4.680013656616210938e-02
0.000000000000000000e+00
1.560020446777343750e-02
1.559996604919433594e-02
0.000000000000000000e+00
6.240057945251464844e-02
0.000000000000000000e+00
1.560020446777343750e-02
0.000000000000000000e+00
4.680013656616210938e-02
1.559996604919433594e-02
3.120017051696777344e-02
6.240057945251464844e-02
0.000000000000000000e+00
3.120040893554687500e-02
1.560020446777343750e-02
0.000000000000000000e+00
1.560020446777343750e-02
0.000000000000000000e+00
3.120040893554687500e-02
0.000000000000000000e+00
0.000000000000000000e+00
1.559996604919433594e-02
0.000000000000000000e+00
1.560020446777343750e-02
0.000000000000000000e+00
1.560020446777343750e-02
3.119993209838867188e-02
1.559972763061523438e-02
1.559996604919433594e-02
1.559972763061523438e-02
1.560020446777343750e-02
3.119993209838867188e-02
0.000000000000000000e+00
1.560020446777343750e-02
0.000000000000000000e+00
1.559972763061523438e-02
1.559996604919433594e-02
1.559972763061523438e-02
3.119993209838867188e-02
0.000000000000000000e+00
0.000000000000000000e+00
1.559972763061523438e-02
0.000000000000000000e+00
1.560020446777343750e-02
0.000000000000000000e+00
1.559972763061523438e-02
0.000000000000000000e+00
0.000000000000000000e+00
1.560020446777343750e-02
0.000000000000000000e+00
3.119993209838867188e-02
1.559996604919433594e-02
1.560020446777343750e-02
1.559996604919433594e-02
0.000000000000000000e+00
4.680013656616210938e-02
0.000000000000000000e+00
3.119993209838867188e-02
0.000000000000000000e+00
0.000000000000000000e+00
4.680013656616210938e-02
0.000000000000000000e+00
0.000000000000000000e+00
1.560020446777343750e-02
0.000000000000000000e+00
0.000000000000000000e+00
0.000000000000000000e+00
1.560020446777343750e-02
1.559996604919433594e-02
0.000000000000000000e+00
1.559996604919433594e-02
0.000000000000000000e+00
1.559996604919433594e-02
1.560020446777343750e-02
0.000000000000000000e+00
3.119993209838867188e-02
0.000000000000000000e+00
0.000000000000000000e+00
0.000000000000000000e+00
1.560020446777343750e-02
3.119993209838867188e-02
0.000000000000000000e+00
7.800006866455078125e-02
1.559972763061523438e-02
3.119993209838867188e-02
1.559972763061523438e-02
0.000000000000000000e+00
3.119993209838867188e-02
1.560020446777343750e-02
1.559996604919433594e-02
3.119993209838867188e-02
0.000000000000000000e+00
0.000000000000000000e+00
0.000000000000000000e+00
0.000000000000000000e+00
1.559972763061523438e-02
1.559996604919433594e-02
0.000000000000000000e+00
1.559996604919433594e-02
0.000000000000000000e+00
0.000000000000000000e+00
1.560020446777343750e-02
0.000000000000000000e+00
4.679989814758300781e-02
0.000000000000000000e+00
1.560020446777343750e-02
3.120017051696777344e-02
0.000000000000000000e+00
4.679965972900390625e-02
0.000000000000000000e+00
3.119993209838867188e-02
0.000000000000000000e+00
0.000000000000000000e+00
1.559996604919433594e-02
3.119993209838867188e-02
0.000000000000000000e+00
0.000000000000000000e+00
1.559972763061523438e-02
0.000000000000000000e+00
0.000000000000000000e+00
0.000000000000000000e+00
0.000000000000000000e+00
1.559996604919433594e-02
0.000000000000000000e+00
0.000000000000000000e+00
0.000000000000000000e+00
0.000000000000000000e+00
0.000000000000000000e+00
0.000000000000000000e+00
1.560020446777343750e-02
3.119993209838867188e-02
0.000000000000000000e+00
1.559996604919433594e-02
0.000000000000000000e+00
1.559996604919433594e-02
4.680013656616210938e-02
3.119993209838867188e-02
1.559996604919433594e-02
0.000000000000000000e+00
4.680013656616210938e-02
3.119993209838867188e-02
6.239986419677734375e-02
1.559996604919433594e-02
0.000000000000000000e+00
1.559996604919433594e-02
1.559972763061523438e-02
3.120017051696777344e-02
3.119993209838867188e-02
0.000000000000000000e+00
1.559996604919433594e-02
0.000000000000000000e+00
3.119993209838867188e-02
3.119993209838867188e-02
0.000000000000000000e+00
1.559996604919433594e-02
0.000000000000000000e+00
0.000000000000000000e+00
1.559996604919433594e-02
0.000000000000000000e+00
4.680013656616210938e-02
0.000000000000000000e+00
0.000000000000000000e+00
3.119993209838867188e-02
0.000000000000000000e+00
1.559996604919433594e-02
0.000000000000000000e+00
3.119993209838867188e-02
0.000000000000000000e+00
3.119993209838867188e-02
1.559996604919433594e-02
3.119993209838867188e-02
4.679989814758300781e-02
0.000000000000000000e+00
3.119993209838867188e-02
1.559972763061523438e-02
1.560020446777343750e-02
3.119993209838867188e-02
0.000000000000000000e+00
0.000000000000000000e+00
1.560020446777343750e-02
0.000000000000000000e+00
1.560020446777343750e-02
0.000000000000000000e+00
0.000000000000000000e+00
1.559996604919433594e-02
0.000000000000000000e+00
0.000000000000000000e+00
0.000000000000000000e+00
0.000000000000000000e+00
1.559996604919433594e-02
0.000000000000000000e+00
1.559996604919433594e-02
0.000000000000000000e+00
0.000000000000000000e+00
3.119993209838867188e-02
0.000000000000000000e+00
4.679989814758300781e-02
0.000000000000000000e+00
3.120017051696777344e-02
1.560020446777343750e-02
0.000000000000000000e+00
3.120017051696777344e-02
0.000000000000000000e+00
0.000000000000000000e+00
0.000000000000000000e+00
0.000000000000000000e+00
1.559996604919433594e-02
0.000000000000000000e+00
0.000000000000000000e+00
3.119993209838867188e-02
0.000000000000000000e+00
0.000000000000000000e+00
1.560020446777343750e-02
4.680013656616210938e-02
6.240010261535644531e-02
0.000000000000000000e+00
4.679989814758300781e-02
1.560020446777343750e-02
3.119993209838867188e-02
1.560020446777343750e-02
0.000000000000000000e+00
1.559972763061523438e-02
0.000000000000000000e+00
4.679989814758300781e-02
4.680013656616210938e-02
0.000000000000000000e+00
0.000000000000000000e+00
0.000000000000000000e+00
0.000000000000000000e+00
0.000000000000000000e+00
0.000000000000000000e+00
1.559996604919433594e-02
0.000000000000000000e+00
0.000000000000000000e+00
0.000000000000000000e+00
0.000000000000000000e+00
4.680013656616210938e-02
0.000000000000000000e+00
3.120017051696777344e-02
4.680013656616210938e-02
1.559996604919433594e-02
0.000000000000000000e+00
0.000000000000000000e+00
3.119993209838867188e-02
4.680013656616210938e-02
4.679989814758300781e-02
1.560020446777343750e-02
0.000000000000000000e+00
3.119993209838867188e-02
3.119993209838867188e-02
3.119993209838867188e-02
1.559996604919433594e-02
0.000000000000000000e+00
1.559996604919433594e-02
1.559972763061523438e-02
0.000000000000000000e+00
1.560020446777343750e-02
1.559996604919433594e-02
0.000000000000000000e+00
4.680013656616210938e-02
1.559996604919433594e-02
6.240010261535644531e-02
1.560020446777343750e-02
0.000000000000000000e+00
1.559996604919433594e-02
0.000000000000000000e+00
1.559996604919433594e-02
0.000000000000000000e+00
0.000000000000000000e+00
0.000000000000000000e+00
0.000000000000000000e+00
3.120017051696777344e-02
0.000000000000000000e+00
3.119993209838867188e-02
0.000000000000000000e+00
3.120017051696777344e-02
3.119993209838867188e-02
0.000000000000000000e+00
0.000000000000000000e+00
0.000000000000000000e+00
0.000000000000000000e+00
1.560020446777343750e-02
0.000000000000000000e+00
1.559972763061523438e-02
0.000000000000000000e+00
0.000000000000000000e+00
1.559996604919433594e-02
1.560020446777343750e-02
0.000000000000000000e+00
1.559972763061523438e-02
0.000000000000000000e+00
1.559972763061523438e-02
3.120017051696777344e-02
0.000000000000000000e+00
1.559972763061523438e-02
0.000000000000000000e+00
3.119993209838867188e-02
3.119993209838867188e-02
0.000000000000000000e+00
3.119993209838867188e-02
0.000000000000000000e+00
0.000000000000000000e+00
0.000000000000000000e+00
0.000000000000000000e+00
3.119993209838867188e-02
0.000000000000000000e+00
3.119993209838867188e-02
1.560020446777343750e-02
3.119993209838867188e-02
1.559972763061523438e-02
1.559996604919433594e-02
0.000000000000000000e+00
6.240010261535644531e-02
0.000000000000000000e+00
3.119993209838867188e-02
0.000000000000000000e+00
0.000000000000000000e+00
1.559996604919433594e-02
0.000000000000000000e+00
1.560020446777343750e-02
0.000000000000000000e+00
0.000000000000000000e+00
1.559972763061523438e-02
0.000000000000000000e+00
1.560020446777343750e-02
1.559996604919433594e-02
0.000000000000000000e+00
1.559972763061523438e-02
0.000000000000000000e+00
1.559996604919433594e-02
0.000000000000000000e+00
4.680013656616210938e-02
4.680013656616210938e-02
3.119993209838867188e-02
1.560020446777343750e-02
0.000000000000000000e+00
1.560020446777343750e-02
1.560020446777343750e-02
0.000000000000000000e+00
1.559972763061523438e-02
0.000000000000000000e+00
0.000000000000000000e+00
1.560020446777343750e-02
0.000000000000000000e+00
3.119993209838867188e-02
0.000000000000000000e+00
0.000000000000000000e+00
1.560020446777343750e-02
0.000000000000000000e+00
1.559996604919433594e-02
0.000000000000000000e+00
0.000000000000000000e+00
0.000000000000000000e+00
0.000000000000000000e+00
1.560020446777343750e-02
0.000000000000000000e+00
0.000000000000000000e+00
1.559996604919433594e-02
0.000000000000000000e+00
4.679989814758300781e-02
1.559996604919433594e-02
0.000000000000000000e+00
1.559996604919433594e-02
0.000000000000000000e+00
1.559996604919433594e-02
3.119993209838867188e-02
0.000000000000000000e+00
1.559996604919433594e-02
3.119993209838867188e-02
0.000000000000000000e+00
1.559972763061523438e-02
0.000000000000000000e+00
0.000000000000000000e+00
1.559996604919433594e-02
0.000000000000000000e+00
1.559996604919433594e-02
0.000000000000000000e+00
0.000000000000000000e+00
1.559972763061523438e-02
0.000000000000000000e+00
0.000000000000000000e+00
0.000000000000000000e+00
0.000000000000000000e+00
0.000000000000000000e+00
0.000000000000000000e+00
3.119993209838867188e-02
0.000000000000000000e+00
3.120017051696777344e-02
3.119993209838867188e-02
1.559996604919433594e-02
1.560020446777343750e-02
0.000000000000000000e+00
1.559972763061523438e-02
3.119993209838867188e-02
0.000000000000000000e+00
3.119993209838867188e-02
0.000000000000000000e+00
0.000000000000000000e+00
0.000000000000000000e+00
0.000000000000000000e+00
1.560020446777343750e-02
1.559996604919433594e-02
0.000000000000000000e+00
1.559996604919433594e-02
0.000000000000000000e+00
1.559996604919433594e-02
1.560020446777343750e-02
0.000000000000000000e+00
1.559996604919433594e-02
0.000000000000000000e+00
7.800030708312988281e-02
4.680013656616210938e-02
0.000000000000000000e+00
1.559996604919433594e-02
0.000000000000000000e+00
1.559972763061523438e-02
0.000000000000000000e+00
1.559996604919433594e-02
1.560020446777343750e-02
0.000000000000000000e+00
1.559996604919433594e-02
0.000000000000000000e+00
3.120017051696777344e-02
3.119993209838867188e-02
0.000000000000000000e+00
0.000000000000000000e+00
4.679989814758300781e-02
0.000000000000000000e+00
3.119993209838867188e-02
0.000000000000000000e+00
0.000000000000000000e+00
4.679989814758300781e-02
0.000000000000000000e+00
1.560020446777343750e-02
0.000000000000000000e+00
0.000000000000000000e+00
1.559972763061523438e-02
0.000000000000000000e+00
1.560020446777343750e-02
0.000000000000000000e+00
0.000000000000000000e+00
1.559996604919433594e-02
0.000000000000000000e+00
1.559996604919433594e-02
1.559996604919433594e-02
0.000000000000000000e+00
1.559996604919433594e-02
0.000000000000000000e+00
0.000000000000000000e+00
1.560020446777343750e-02
0.000000000000000000e+00
1.559996604919433594e-02
0.000000000000000000e+00
1.559996604919433594e-02
1.559972763061523438e-02
0.000000000000000000e+00
1.560020446777343750e-02
0.000000000000000000e+00
1.559972763061523438e-02
1.560020446777343750e-02
0.000000000000000000e+00
1.559996604919433594e-02
0.000000000000000000e+00
0.000000000000000000e+00
1.559972763061523438e-02
0.000000000000000000e+00
1.560020446777343750e-02
1.560020446777343750e-02
0.000000000000000000e+00
1.559996604919433594e-02
0.000000000000000000e+00
1.559996604919433594e-02
1.559972763061523438e-02
0.000000000000000000e+00
3.119993209838867188e-02
0.000000000000000000e+00
3.119993209838867188e-02
1.559996604919433594e-02
0.000000000000000000e+00
4.680013656616210938e-02
3.119993209838867188e-02
0.000000000000000000e+00
0.000000000000000000e+00
0.000000000000000000e+00
1.559996604919433594e-02
3.119993209838867188e-02
4.679989814758300781e-02
1.559996604919433594e-02
1.560020446777343750e-02
0.000000000000000000e+00
0.000000000000000000e+00
1.559996604919433594e-02
0.000000000000000000e+00
0.000000000000000000e+00
1.560020446777343750e-02
0.000000000000000000e+00
1.559996604919433594e-02
0.000000000000000000e+00
0.000000000000000000e+00
1.560020446777343750e-02
0.000000000000000000e+00
4.680013656616210938e-02
0.000000000000000000e+00
0.000000000000000000e+00
0.000000000000000000e+00
0.000000000000000000e+00
0.000000000000000000e+00
3.119993209838867188e-02
0.000000000000000000e+00
3.119993209838867188e-02
1.559996604919433594e-02
0.000000000000000000e+00
0.000000000000000000e+00
0.000000000000000000e+00
6.240010261535644531e-02
0.000000000000000000e+00
1.560020446777343750e-02
3.119993209838867188e-02
0.000000000000000000e+00
0.000000000000000000e+00
1.559972763061523438e-02
4.679989814758300781e-02
1.559996604919433594e-02
0.000000000000000000e+00
1.559996604919433594e-02
1.560020446777343750e-02
0.000000000000000000e+00
4.679989814758300781e-02
0.000000000000000000e+00
0.000000000000000000e+00
0.000000000000000000e+00
0.000000000000000000e+00
0.000000000000000000e+00
1.559996604919433594e-02
0.000000000000000000e+00
1.560020446777343750e-02
0.000000000000000000e+00
3.119993209838867188e-02
1.559996604919433594e-02
0.000000000000000000e+00
1.560020446777343750e-02
0.000000000000000000e+00
3.119993209838867188e-02
0.000000000000000000e+00
1.560020446777343750e-02
1.559996604919433594e-02
0.000000000000000000e+00
1.560020446777343750e-02
0.000000000000000000e+00
3.119993209838867188e-02
3.119993209838867188e-02
0.000000000000000000e+00
1.559972763061523438e-02
0.000000000000000000e+00
0.000000000000000000e+00
0.000000000000000000e+00
0.000000000000000000e+00
4.679989814758300781e-02
1.559996604919433594e-02
3.119993209838867188e-02
1.560020446777343750e-02
0.000000000000000000e+00
3.120017051696777344e-02
0.000000000000000000e+00
0.000000000000000000e+00
1.560020446777343750e-02
0.000000000000000000e+00
3.120017051696777344e-02
0.000000000000000000e+00
1.559972763061523438e-02
1.559996604919433594e-02
0.000000000000000000e+00
1.399993896484375000e-02
0.000000000000000000e+00
1.559996604919433594e-02
1.559972763061523438e-02
0.000000000000000000e+00
0.000000000000000000e+00
0.000000000000000000e+00
1.559972763061523438e-02
1.559996604919433594e-02
0.000000000000000000e+00
3.120017051696777344e-02
7.000207901000976562e-03
4.099988937377929688e-02
1.559996604919433594e-02
5.000114440917968750e-03
1.999998092651367188e-02
7.999897003173828125e-03
7.980012893676757812e-02
1.559996604919433594e-02
0.000000000000000000e+00
3.119993209838867188e-02
1.559996604919433594e-02
0.000000000000000000e+00
0.000000000000000000e+00
0.000000000000000000e+00
1.560020446777343750e-02
0.000000000000000000e+00
0.000000000000000000e+00
0.000000000000000000e+00
1.560020446777343750e-02
0.000000000000000000e+00
0.000000000000000000e+00
1.559996604919433594e-02
1.559996604919433594e-02
3.120017051696777344e-02
1.559972763061523438e-02
3.119993209838867188e-02
0.000000000000000000e+00
4.680013656616210938e-02
0.000000000000000000e+00
3.119993209838867188e-02
0.000000000000000000e+00
0.000000000000000000e+00
1.559996604919433594e-02
0.000000000000000000e+00
1.560020446777343750e-02
0.000000000000000000e+00
0.000000000000000000e+00
3.120017051696777344e-02
0.000000000000000000e+00
1.559996604919433594e-02
4.679989814758300781e-02
1.560020446777343750e-02
6.240010261535644531e-02
0.000000000000000000e+00
3.120017051696777344e-02
1.560020446777343750e-02
0.000000000000000000e+00
3.120017051696777344e-02
0.000000000000000000e+00
0.000000000000000000e+00
4.879999160766601562e-02
0.000000000000000000e+00
4.680013656616210938e-02
0.000000000000000000e+00
1.559972763061523438e-02
0.000000000000000000e+00
1.560020446777343750e-02
0.000000000000000000e+00
0.000000000000000000e+00
1.559996604919433594e-02
0.000000000000000000e+00
0.000000000000000000e+00
3.119993209838867188e-02
0.000000000000000000e+00
1.560020446777343750e-02
0.000000000000000000e+00
0.000000000000000000e+00
4.680013656616210938e-02
3.119993209838867188e-02
7.800006866455078125e-02
0.000000000000000000e+00
3.119993209838867188e-02
1.559972763061523438e-02
1.559996604919433594e-02
1.559996604919433594e-02
0.000000000000000000e+00
1.559972763061523438e-02
8.999824523925781250e-03
0.000000000000000000e+00
1.800012588500976562e-02
3.519988059997558594e-02
1.799988746643066406e-02
1.559996604919433594e-02
7.000207901000976562e-03
7.799983024597167969e-02
0.000000000000000000e+00
1.559972763061523438e-02
0.000000000000000000e+00
0.000000000000000000e+00
1.999998092651367188e-02
0.000000000000000000e+00
0.000000000000000000e+00
1.559996604919433594e-02
3.119993209838867188e-02
1.559996604919433594e-02
1.560020446777343750e-02
0.000000000000000000e+00
1.560020446777343750e-02
0.000000000000000000e+00
0.000000000000000000e+00
3.119993209838867188e-02
0.000000000000000000e+00
1.560020446777343750e-02
0.000000000000000000e+00
1.559972763061523438e-02
1.559996604919433594e-02
0.000000000000000000e+00
0.000000000000000000e+00
0.000000000000000000e+00
4.680013656616210938e-02
1.559996604919433594e-02
0.000000000000000000e+00
1.560020446777343750e-02
0.000000000000000000e+00
4.679989814758300781e-02
6.239986419677734375e-02
0.000000000000000000e+00
0.000000000000000000e+00
1.559996604919433594e-02
0.000000000000000000e+00
1.559996604919433594e-02
0.000000000000000000e+00
0.000000000000000000e+00
1.560020446777343750e-02
0.000000000000000000e+00
0.000000000000000000e+00
0.000000000000000000e+00
1.560020446777343750e-02
1.560020446777343750e-02
0.000000000000000000e+00
1.560020446777343750e-02
0.000000000000000000e+00
3.119993209838867188e-02
3.120017051696777344e-02
0.000000000000000000e+00
1.560020446777343750e-02
0.000000000000000000e+00
1.559972763061523438e-02
1.560020446777343750e-02
0.000000000000000000e+00
1.559996604919433594e-02
0.000000000000000000e+00
0.000000000000000000e+00
3.120017051696777344e-02
0.000000000000000000e+00
1.559996604919433594e-02
1.560020446777343750e-02
0.000000000000000000e+00
3.120017051696777344e-02
0.000000000000000000e+00
3.119993209838867188e-02
0.000000000000000000e+00
1.559972763061523438e-02
1.559996604919433594e-02
0.000000000000000000e+00
4.679989814758300781e-02
0.000000000000000000e+00
3.119993209838867188e-02
4.679989814758300781e-02
0.000000000000000000e+00
4.679989814758300781e-02
0.000000000000000000e+00
1.560020446777343750e-02
1.559996604919433594e-02
0.000000000000000000e+00
1.559996604919433594e-02
3.119993209838867188e-02
0.000000000000000000e+00
3.119993209838867188e-02
0.000000000000000000e+00
0.000000000000000000e+00
1.559996604919433594e-02
0.000000000000000000e+00
1.559996604919433594e-02
4.680013656616210938e-02
0.000000000000000000e+00
1.559972763061523438e-02
0.000000000000000000e+00
4.680013656616210938e-02
1.559996604919433594e-02
0.000000000000000000e+00
1.559996604919433594e-02
0.000000000000000000e+00
0.000000000000000000e+00
1.559972763061523438e-02
0.000000000000000000e+00
0.000000000000000000e+00
1.559996604919433594e-02
0.000000000000000000e+00
0.000000000000000000e+00
0.000000000000000000e+00
0.000000000000000000e+00
3.120017051696777344e-02
0.000000000000000000e+00
1.559996604919433594e-02
0.000000000000000000e+00
1.559996604919433594e-02
0.000000000000000000e+00
0.000000000000000000e+00
3.119993209838867188e-02
0.000000000000000000e+00
1.560020446777343750e-02
0.000000000000000000e+00
1.559972763061523438e-02
3.119993209838867188e-02
1.559996604919433594e-02
3.119993209838867188e-02
0.000000000000000000e+00
0.000000000000000000e+00
1.559996604919433594e-02
0.000000000000000000e+00
1.559996604919433594e-02
1.559972763061523438e-02
1.560020446777343750e-02
1.559996604919433594e-02
0.000000000000000000e+00
0.000000000000000000e+00
0.000000000000000000e+00
1.559996604919433594e-02
6.240010261535644531e-02
6.239986419677734375e-02
3.120017051696777344e-02
4.680013656616210938e-02
0.000000000000000000e+00
4.679989814758300781e-02
0.000000000000000000e+00
1.559996604919433594e-02
0.000000000000000000e+00
0.000000000000000000e+00
1.560020446777343750e-02
0.000000000000000000e+00
1.559972763061523438e-02
0.000000000000000000e+00
1.560020446777343750e-02
1.559996604919433594e-02
0.000000000000000000e+00
1.560020446777343750e-02
0.000000000000000000e+00
0.000000000000000000e+00
3.120017051696777344e-02
1.559972763061523438e-02
1.559996604919433594e-02
0.000000000000000000e+00
3.120017051696777344e-02
1.559996604919433594e-02
0.000000000000000000e+00
3.120017051696777344e-02
0.000000000000000000e+00
0.000000000000000000e+00
3.120017051696777344e-02
0.000000000000000000e+00
1.560020446777343750e-02
0.000000000000000000e+00
0.000000000000000000e+00
1.559996604919433594e-02
0.000000000000000000e+00
3.120017051696777344e-02
3.120017051696777344e-02
3.120017051696777344e-02
0.000000000000000000e+00
1.559996604919433594e-02
0.000000000000000000e+00
0.000000000000000000e+00
0.000000000000000000e+00
0.000000000000000000e+00
1.559972763061523438e-02
0.000000000000000000e+00
1.560020446777343750e-02
1.559972763061523438e-02
0.000000000000000000e+00
1.560020446777343750e-02
0.000000000000000000e+00
0.000000000000000000e+00
3.119993209838867188e-02
0.000000000000000000e+00
1.559996604919433594e-02
0.000000000000000000e+00
3.119993209838867188e-02
0.000000000000000000e+00
1.559996604919433594e-02
1.560020446777343750e-02
0.000000000000000000e+00
1.560020446777343750e-02
0.000000000000000000e+00
0.000000000000000000e+00
3.119993209838867188e-02
0.000000000000000000e+00
1.559996604919433594e-02
1.559972763061523438e-02
1.560020446777343750e-02
0.000000000000000000e+00
0.000000000000000000e+00
1.559972763061523438e-02
0.000000000000000000e+00
3.119993209838867188e-02
0.000000000000000000e+00
0.000000000000000000e+00
1.559996604919433594e-02
0.000000000000000000e+00
3.119993209838867188e-02
0.000000000000000000e+00
0.000000000000000000e+00
3.120017051696777344e-02
4.679989814758300781e-02
1.559996604919433594e-02
0.000000000000000000e+00
0.000000000000000000e+00
1.559996604919433594e-02
1.559972763061523438e-02
1.559996604919433594e-02
0.000000000000000000e+00
1.559996604919433594e-02
0.000000000000000000e+00
0.000000000000000000e+00
3.119993209838867188e-02
0.000000000000000000e+00
1.560020446777343750e-02
3.120017051696777344e-02
0.000000000000000000e+00
1.560020446777343750e-02
0.000000000000000000e+00
0.000000000000000000e+00
1.559996604919433594e-02
0.000000000000000000e+00
1.559996604919433594e-02
3.119993209838867188e-02
0.000000000000000000e+00
1.560020446777343750e-02
0.000000000000000000e+00
3.119993209838867188e-02
1.559996604919433594e-02
0.000000000000000000e+00
3.119993209838867188e-02
0.000000000000000000e+00
0.000000000000000000e+00
1.560020446777343750e-02
0.000000000000000000e+00
1.559972763061523438e-02
0.000000000000000000e+00
1.559996604919433594e-02
3.119993209838867188e-02
0.000000000000000000e+00
1.559996604919433594e-02
0.000000000000000000e+00
0.000000000000000000e+00
0.000000000000000000e+00
0.000000000000000000e+00
1.559996604919433594e-02
1.560020446777343750e-02
3.119993209838867188e-02
1.559996604919433594e-02
0.000000000000000000e+00
0.000000000000000000e+00
1.560020446777343750e-02
0.000000000000000000e+00
1.560020446777343750e-02
0.000000000000000000e+00
0.000000000000000000e+00
1.559996604919433594e-02
0.000000000000000000e+00
4.679989814758300781e-02
0.000000000000000000e+00
1.559996604919433594e-02
0.000000000000000000e+00
0.000000000000000000e+00
3.119993209838867188e-02
0.000000000000000000e+00
3.119993209838867188e-02
0.000000000000000000e+00
0.000000000000000000e+00
1.560020446777343750e-02
0.000000000000000000e+00
3.119993209838867188e-02
0.000000000000000000e+00
1.560020446777343750e-02
0.000000000000000000e+00
3.120017051696777344e-02
6.240010261535644531e-02
0.000000000000000000e+00
0.000000000000000000e+00
0.000000000000000000e+00
1.559972763061523438e-02
1.559972763061523438e-02
0.000000000000000000e+00
1.560020446777343750e-02
0.000000000000000000e+00
1.559996604919433594e-02
1.559996604919433594e-02
0.000000000000000000e+00
3.120017051696777344e-02
1.560020446777343750e-02
0.000000000000000000e+00
1.559972763061523438e-02
0.000000000000000000e+00
0.000000000000000000e+00
1.559972763061523438e-02
0.000000000000000000e+00
1.560020446777343750e-02
0.000000000000000000e+00
0.000000000000000000e+00
1.560020446777343750e-02
0.000000000000000000e+00
3.120017051696777344e-02
0.000000000000000000e+00
0.000000000000000000e+00
0.000000000000000000e+00
0.000000000000000000e+00
3.119993209838867188e-02
0.000000000000000000e+00
1.560020446777343750e-02
3.120017051696777344e-02
0.000000000000000000e+00
