2.000000000000000000e+01
0.000000000000000000e+00
2.500700360467836170e+00
4.999133313029251902e+00
7.495903004346697429e+00
9.566036883447505801e+00
1.238569227331823264e+01
1.347709985735091287e+01
1.476314225726576623e+01
1.884411844920234103e+01
1.856193692534061057e+01
2.000000000000000000e+01
2.000000000000000000e+01
1.904165158940124414e+01
2.000000000000000000e+01
1.828522221755610389e+01
1.968294116640482727e+01
2.000000000000000000e+01
1.849388219195473582e+01
2.000000000000000000e+01
1.806902542852592930e+01
1.881057573771477109e+01
2.000000000000000000e+01
1.840517745881006206e+01
2.000000000000000000e+01
1.839041524879655753e+01
1.909760550683030900e+01
2.000000000000000000e+01
1.841985621280856478e+01
1.850270987053866634e+01
2.000000000000000000e+01
1.839640970514939866e+01
2.000000000000000000e+01
1.806940962555896490e+01
1.804775464490710846e+01
1.995239765655027497e+01
1.860588192443720246e+01
1.991800817077677266e+01
1.800209457894224130e+01
1.771656468292921005e+01
1.913147642611269461e+01
1.753297226739612569e+01
1.855947560205087044e+01
1.685085044115489694e+01
1.650832689525958230e+01
1.724825222317075912e+01
1.589735027108179821e+01
1.541636282629083610e+01
1.575367175662119479e+01
1.466540743563181337e+01
1.475508091572678104e+01
1.366102254691015006e+01
1.327142720121958774e+01
1.310875214263076671e+01
1.247006623998014518e+01
1.206985471190688841e+01
1.153533589006933546e+01
1.119054074852769887e+01
1.057081947291870883e+01
1.030973370480414175e+01
1.009640961343167476e+01
9.251421075152663320e+00
9.334708450714787276e+00
8.453799882467928128e+00
8.732785270333641492e+00
7.753248923998818043e+00
8.172476502450701119e+00
8.086265866437447158e+00
7.021468277714774331e+00
7.551761455815359625e+00
6.600480394125680661e+00
7.317684253693553131e+00
7.355485489066068361e+00
6.339626706224398944e+00
7.076053689546608183e+00
7.168145297737864574e+00
6.333193523155325799e+00
7.121902202419982508e+00
6.392021863652759706e+00
7.288431413985650309e+00
7.464196017066956124e+00
6.792287846682863339e+00
7.531483275213409989e+00
7.075919586213241352e+00
7.895272726949199793e+00
7.439342352452076312e+00
8.320949748792131118e+00
8.416392904557124410e+00
8.180518367783873757e+00
8.808801072455089809e+00
9.000898198884982548e+00
8.968216586929013800e+00
9.395801226394986827e+00
9.477290012227472360e+00
9.873591797133546066e+00
1.005957990835474014e+01
1.025938138750094275e+01
1.049307726631794146e+01
1.075665606408352026e+01
1.091689101760147018e+01
1.103635047917703815e+01
1.143013662574359302e+01
1.143739731961003514e+01
1.155015346285495781e+01
1.199490709187857007e+01
1.188479428088801981e+01
1.233400184596210458e+01
1.212249884550832135e+01
1.216277672186607894e+01
1.267883430453558802e+01
1.237964713378943493e+01
1.286731715518009267e+01
1.253930262637114801e+01
1.252150592221415870e+01
1.299249652079289774e+01
1.262953722235097587e+01
1.255212105256399191e+01
1.297898685298748056e+01
1.262579599998394997e+01
1.295028523034681633e+01
1.251611909021263180e+01
1.245239028358933631e+01
1.275592892478934282e+01
1.239237997879283704e+01
1.261514828596956228e+01
1.221993438978195279e+01
1.209254619718027435e+01
1.228820486594485573e+01
1.197611105481332672e+01
1.207016859980618406e+01
1.176268743197780964e+01
1.165124663474955113e+01
1.168511062444304471e+01
1.147297784787619968e+01
1.143692707405126008e+01
1.124362103341193553e+01
1.118462884679013492e+01
1.103283632676207837e+01
1.095798476442930003e+01
1.081949525297685533e+01
1.075795813855156702e+01
1.059255721946002637e+01
1.059495631725243570e+01
1.038677900096640982e+01
1.040893893654376079e+01
1.037120105798643088e+01
1.013491944481329554e+01
1.020945097582338335e+01
9.984690897766519413e+00
1.010579373102905443e+01
1.010643729402193536e+01
9.844906980388623552e+00
9.990047266346605781e+00
9.767034742930523095e+00
9.949038078597777002e+00
9.968152060904548861e+00
9.736742394312784654e+00
9.919407539587615119e+00
9.729356719268855258e+00
9.954034727226011015e+00
9.995629632541207954e+00
9.804793789751636623e+00
9.987127827008951186e+00
9.858740147569369228e+00
1.005035662622203141e+01
1.009983642432844242e+01
9.995429305291612110e+00
1.016217025325529200e+01
1.021637408389272572e+01
1.016046733385813639e+01
1.030340700067111115e+01
1.027331780599915234e+01
1.041968869118113261e+01
1.039568548578059470e+01
1.051576813399226751e+01
1.055863306724479145e+01
1.058686741251565699e+01
1.065793798577587914e+01
1.070812318125318541e+01
1.076290068414506429e+01
1.079991351293016955e+01
1.087924097384705924e+01
1.089606725412342669e+01
1.098525359834515847e+01
1.097841142486380406e+01
1.100112528332211603e+01
1.111455185528515521e+01
1.107933596480502558e+01
1.119139161183071529e+01
1.113587840694218478e+01
1.114904080062575709e+01
1.126883266825726260e+01
1.120199011606642259e+01
1.131230158297752020e+01
1.121932384427727669e+01
1.120906209508664908e+01
1.133076462293666431e+01
1.124576254519379326e+01
1.133864890252046820e+01
1.122939249999597777e+01
1.121685004275307662e+01
1.130841811141451991e+01
1.121152526061178278e+01
1.128382435119431015e+01
1.118302238604209364e+01
1.115310435474258988e+01
1.121578328473833430e+01
1.113076245405067333e+01
1.116885309439842189e+01
1.108902567497135472e+01
1.106313742000950562e+01
1.108230641391443072e+01
1.101961464386953438e+01
1.102468230427762563e+01
1.096697627497349714e+01
1.093836231076312338e+01
1.093077233802714510e+01
1.089689589470840225e+01
1.087184774678902777e+01
1.084225189541281864e+01
1.081354778442942965e+01
1.079356558876655647e+01
1.075760208467276158e+01
1.075222200871443157e+01
1.073876029436726398e+01
1.068676917812609872e+01
1.069497909562056215e+01
1.068813528781966760e+01
1.063053754404846529e+01
1.065629157849661190e+01
1.059858815067137527e+01
1.063059231297773977e+01
1.057237149684486788e+01
1.060989435934793690e+01
1.061915840072373207e+01
1.055457136815640595e+01
1.059199452943095388e+01
1.054485841728295803e+01
1.059699387108984325e+01
1.060208719926049881e+01
1.055236021104640720e+01
1.059701764748982455e+01
1.055915257982223920e+01
1.060976285960959231e+01
1.062471711391112983e+01
1.058724732772356880e+01
1.062986969689958272e+01
1.060675121013163036e+01
1.065256337698613365e+01
1.066948889131028722e+01
1.064900813360862308e+01
1.068182423349767163e+01
1.067617891047255263e+01
1.070796774789162953e+01
1.072322319264524459e+01
1.072250079060353301e+01
1.074571821384944315e+01
1.075253002187032259e+01
1.077225944890362364e+01
1.078155121979994213e+01
1.079685465720997684e+01
1.080401032310703613e+01
1.082408420239587521e+01
1.082747196703778592e+01
1.083540370905859795e+01
1.085977790377308416e+01
1.085565571634012372e+01
1.088135007090514783e+01
1.087293893741954243e+01
1.087370570156725336e+01
1.090473836879213110e+01
1.089124878536667573e+01
1.091835733438083089e+01
1.090157241055530157e+01
1.090205379886353576e+01
1.092963951813854884e+01
1.090952914568216414e+01
1.090532135275061343e+01
1.093220099901152231e+01
1.091108870161412092e+01
1.093242686046879797e+01
1.090711222061521113e+01
1.090237645707629177e+01
1.092327335620340811e+01
1.090288929386689887e+01
1.091680269285336990e+01
1.089175280220663211e+01
1.088728979544073283e+01
1.089947966599720175e+01
1.088180788373785113e+01
1.088816924767206018e+01
1.086978672916819555e+01
1.086357696002628259e+01
1.086718920177701442e+01
1.085359306223899267e+01
1.085344866292965627e+01
1.084077427318663922e+01
1.083488765383491526e+01
1.083155678307102399e+01
1.082432797812346159e+01
1.081779162792665794e+01
1.081129595753771433e+01
1.080797453377920903e+01
1.079828823114815251e+01
1.079732599037094154e+01
1.078641648671547415e+01
1.078745457121021190e+01
1.078504462775967632e+01
1.077192425360919614e+01
1.077651064107999801e+01
1.076341411896674671e+01
1.076922535207255649e+01
1.076653636825129112e+01
1.075423222696484338e+01
1.076258931766347260e+01
1.076275974784063472e+01
1.074941127032033883e+01
1.075901774133347111e+01
1.074714447653446570e+01
1.075974388450254438e+01
1.076080448628878017e+01
1.074890474929101991e+01
1.075856000734399487e+01
1.075024034847044341e+01
1.076167744508427937e+01
1.076177020799194928e+01
1.075560738662818139e+01
1.076481684578200060e+01
1.076824079832183045e+01
1.076302821752457284e+01
1.077244515618843224e+01
1.076847703917036192e+01
1.077745643220083949e+01
1.078137640283026855e+01
1.077870140797045373e+01
1.078603063465640766e+01
1.078549907934461594e+01
1.079248567141594606e+01
1.079485526357036385e+01
1.079642599383891266e+01
1.079973537996575494e+01
1.080315331785724275e+01
1.080604497777220452e+01
1.080756827021750333e+01
1.081256545264167279e+01
1.081333506597868954e+01
1.081841909037663108e+01
1.081771148559148266e+01
1.081942525229181840e+01
1.082554353169721928e+01
1.082394571001358585e+01
1.082988338529234262e+01
1.082690222582296258e+01
1.082574285386837687e+01
1.083378082009515175e+01
1.082988540696524815e+01
1.083601228373154512e+01
1.083073399249618518e+01
1.083739717395533120e+01
2.000000000000000000e+01
1.250110071267976908e+00
2.506280446145906282e+00
2.283880269075270864e+00
4.638373469719610398e+00
6.976993154816809373e+00
8.755705486011031269e+00
8.885254886535049579e+00
1.097974404938796766e+01
1.169890721512155984e+01
1.346808841377838029e+01
1.430979200090727943e+01
1.582175432225371203e+01
1.659401067054163192e+01
1.839431312850219413e+01
1.869412040398104580e+01
1.922495118565242578e+01
2.000000000000000000e+01
1.962277718595277420e+01
2.000000000000000000e+01
1.935249915045142899e+01
2.000000000000000000e+01
2.000000000000000000e+01
1.941065273953246972e+01
2.000000000000000000e+01
1.923985271542087361e+01
1.983488312524142927e+01
2.000000000000000000e+01
1.941371464401370872e+01
2.000000000000000000e+01
1.923405832928485282e+01
1.956003361100787430e+01
2.000000000000000000e+01
1.926629153466595312e+01
2.000000000000000000e+01
1.934031074386540894e+01
1.960735324436894800e+01
2.000000000000000000e+01
1.935863391391908195e+01
2.000000000000000000e+01
1.926391322569917364e+01
1.932123988300202910e+01
2.000000000000000000e+01
1.934813456000784981e+01
2.000000000000000000e+01
1.925218780014544961e+01
1.913929122136432071e+01
1.994231790435743790e+01
1.932685572771502081e+01
1.988762515313733203e+01
1.910023068839567273e+01
1.893715238731309825e+01
1.951516535268198282e+01
1.893774393523105459e+01
1.873552304355007792e+01
1.905375060925425501e+01
1.845528961180572836e+01
1.871170241400050216e+01
1.811760987376374743e+01
1.832797829450768745e+01
1.777847782450498926e+01
1.761997906984040796e+01
1.766433098202075058e+01
1.729925091655831437e+01
1.723742580008223868e+01
1.691017273201806503e+01
1.675641405710581111e+01
1.658586348633004803e+01
1.640224917984452446e+01
1.626639310059319143e+01
1.598892879168239745e+01
1.594493972207113153e+01
1.562203480965433755e+01
1.562570604039257383e+01
1.555155470795799033e+01
1.516314997354799132e+01
1.529481385600490206e+01
1.489514787763772397e+01
1.510266751853444234e+01
1.467265442337870240e+01
1.491865992777628058e+01
1.488520860603624740e+01
1.447068520290033788e+01
1.473520309723653021e+01
1.475511332028150946e+01
1.437908809607902860e+01
1.468843231370350644e+01
1.434820353822823868e+01
1.473088729025681864e+01
1.477421681644952933e+01
1.444767517240194010e+01
1.476099564871308267e+01
1.452307039259340016e+01
1.487526632533466930e+01
1.492269529171852938e+01
1.473847678229785885e+01
1.503289335309317920e+01
1.514078074547254360e+01
1.501155873024007548e+01
1.525452732018750623e+01
1.519527184467920122e+01
1.545533472721538715e+01
1.539838165585059215e+01
1.563202018717806752e+01
1.570145129694437891e+01
1.572869697851488091e+01
1.585836471179389839e+01
1.593577948204517014e+01
1.604750189702403418e+01
1.611388061288834805e+01
1.623606007050596745e+01
1.628415921347021467e+01
1.642393823123218155e+01
1.643514601503166617e+01
1.648089388388851972e+01
1.666228812797280412e+01
1.660159327011628960e+01
1.680058381926561140e+01
1.672986679414280076e+01
1.672979030724975757e+01
1.694773224104461917e+01
1.683169551841287515e+01
1.702907706513130037e+01
1.689145902768144580e+01
1.687130567225529987e+01
1.707936939279227673e+01
1.692724371417502027e+01
1.710017664356168865e+01
1.693699731976285960e+01
1.710197087427966878e+01
1.693501448932724784e+01
1.690570225570374419e+01
1.704709729745445657e+01
1.687897887006306163e+01
1.684106367177523822e+01
1.694847937621965173e+01
1.680689853204355444e+01
1.687922932952456989e+01
1.672073971913271961e+01
1.669621840797045209e+01
1.673822704317979770e+01
1.662071060119339450e+01
1.664399535038035438e+01
1.652802210166215602e+01
1.648931064272232661e+01
1.648482009771993262e+01
1.642307491130616981e+01
1.638621326812249279e+01
1.632293871886311365e+01
1.628763734006401620e+01
1.623739306517814285e+01
1.621284966411113615e+01
1.614565447443146695e+01
1.613128123719281604e+01
1.610875699435175434e+01
1.602509060802944418e+01
1.603239705317145081e+01
1.595073738334645697e+01
1.598069990192352563e+01
1.596114394264377090e+01
1.586770819437036728e+01
1.590735585543658814e+01
1.590697952392474512e+01
1.581065939572176759e+01
1.586758899103392650e+01
1.586728660187051609e+01
1.578034405515375127e+01
1.584677330562160336e+01
1.586371006443372345e+01
1.577817658016164692e+01
1.584707043952545291e+01
1.578117762453137729e+01
1.585782219329996146e+01
1.588153723015998864e+01
1.581479735358651517e+01
1.588231873128802007e+01
1.591272722716196952e+01
1.586483211354919121e+01
1.593238637852900119e+01
1.595924041761801604e+01
1.592949766824768787e+01
1.598384732457417101e+01
1.597247316506469694e+01
1.603217309778548127e+01
1.604770308815506752e+01
1.604770854051902873e+01
1.608812283240500207e+01
1.610934800519952503e+01
1.612273914778214490e+01
1.614948364809161419e+01
1.617084645693573819e+01
1.619128064752168328e+01
1.620486961848024876e+01
1.623811093011493156e+01
1.624450215831047828e+01
1.627999269114802416e+01
1.627775329716735087e+01
1.628445263489448891e+01
1.633078109191566440e+01
1.632028135424643978e+01
1.632832195650720664e+01
1.637129398019694904e+01
1.635051419455259136e+01
1.634858930898056784e+01
1.639714098473649884e+01
1.637108281663289944e+01
1.641160047261790922e+01
1.637618348914118727e+01
1.636845589475711193e+01
1.641521678185848998e+01
1.638134129365198532e+01
1.641586902664109715e+01
1.637499486920501823e+01
1.636992917363038558e+01
1.640204657605858074e+01
1.636581581759599402e+01
1.635607005303007710e+01
1.637963830215706196e+01
1.634896874310367920e+01
1.636402893752048726e+01
1.632920580441968639e+01
1.631981665697736972e+01
1.633147900435521649e+01
1.630487569719428365e+01
1.629233961567091526e+01
1.629600906769040947e+01
1.627546606702687981e+01
1.627278078453117871e+01
1.625410145109711735e+01
1.624482760869678444e+01
1.623680771523652666e+01
1.622494504692302186e+01
1.621379130977918237e+01
1.620612271369666502e+01
1.619901985535985034e+01
1.618230575752660982e+01
1.618149671747262275e+01
