8.177752606570720673e-03
8.177752606570720673e-03
7.810392882674932480e-03
7.439394947141408920e-03
7.439394947141408920e-03
9.308604151010513306e-02
9.308604151010513306e-02
3.702370822429656982e-01
8.163500428199768066e-01
8.163500428199768066e-01
1.332102894783020020e+00
1.602199554443359375e+00
1.602199554443359375e+00
2.213940858840942383e+00
2.213940858840942383e+00
2.946372270584106445e+00
3.605636596679687500e+00
3.605636596679687500e+00
4.226757049560546875e+00
4.226757049560546875e+00
4.901782035827636719e+00
5.548584461212158203e+00
5.548584461212158203e+00
6.090290546417236328e+00
6.090290546417236328e+00
6.607860088348388672e+00
7.050266265869140625e+00
7.050266265869140625e+00
7.513955116271972656e+00
7.992819309234619141e+00
7.992819309234619141e+00
8.414064407348632812e+00
8.414064407348632812e+00
8.879646301269531250e+00
9.312642097473144531e+00
9.312642097473144531e+00
9.616477012634277344e+00
9.616477012634277344e+00
1.001900482177734375e+01
1.039736366271972656e+01
1.039736366271972656e+01
1.069735717773437500e+01
1.069735717773437500e+01
1.100437355041503906e+01
1.126844120025634766e+01
1.126844120025634766e+01
1.147534942626953125e+01
1.166346263885498047e+01
1.166346263885498047e+01
1.179808235168457031e+01
1.179808235168457031e+01
1.192712306976318359e+01
1.201205253601074219e+01
1.201205253601074219e+01
1.203930759429931641e+01
1.203930759429931641e+01
1.204435920715332031e+01
1.201525115966796875e+01
1.201525115966796875e+01
1.196680736541748047e+01
1.187247276306152344e+01
1.187247276306152344e+01
1.176228332519531250e+01
1.176228332519531250e+01
1.161845684051513672e+01
1.161845684051513672e+01
1.145376777648925781e+01
1.126664066314697266e+01
1.126664066314697266e+01
1.109732341766357422e+01
1.109732341766357422e+01
1.089908504486083984e+01
1.068803977966308594e+01
1.068803977966308594e+01
1.050641918182373047e+01
1.031744098663330078e+01
1.031744098663330078e+01
1.014389228820800781e+01
1.014389228820800781e+01
9.957480430603027344e+00
9.775382041931152344e+00
9.775382041931152344e+00
9.638841629028320312e+00
9.638841629028320312e+00
9.493097305297851562e+00
9.493097305297851562e+00
9.342192649841308594e+00
9.235338211059570312e+00
9.235338211059570312e+00
9.147991180419921875e+00
9.082368850708007812e+00
9.082368850708007812e+00
9.042815208435058594e+00
9.042815208435058594e+00
9.011499404907226562e+00
8.998760223388671875e+00
8.998760223388671875e+00
9.002174377441406250e+00
9.002174377441406250e+00
9.020113945007324219e+00
9.059665679931640625e+00
9.059665679931640625e+00
9.105330467224121094e+00
9.164148330688476562e+00
9.164148330688476562e+00
9.228068351745605469e+00
9.228068351745605469e+00
9.309073448181152344e+00
9.400480270385742188e+00
9.400480270385742188e+00
9.490404129028320312e+00
9.490404129028320312e+00
9.581599235534667969e+00
9.679151535034179688e+00
9.679151535034179688e+00
9.767899513244628906e+00
9.866104125976562500e+00
9.866104125976562500e+00
9.943551063537597656e+00
9.943551063537597656e+00
1.003332138061523438e+01
1.011633491516113281e+01
1.011633491516113281e+01
1.018334102630615234e+01
1.018334102630615234e+01
1.025332927703857422e+01
1.032224559783935547e+01
1.032224559783935547e+01
1.036866188049316406e+01
1.036866188049316406e+01
1.041183376312255859e+01
1.044817733764648438e+01
1.044817733764648438e+01
1.046830081939697266e+01
1.046830081939697266e+01
1.048365116119384766e+01
1.048365116119384766e+01
1.048992919921875000e+01
1.048552703857421875e+01
1.048552703857421875e+01
1.047365760803222656e+01
1.047365760803222656e+01
1.044959259033203125e+01
1.044959259033203125e+01
1.042277717590332031e+01
1.038782787322998047e+01
1.038782787322998047e+01
1.035362434387207031e+01
1.035362434387207031e+01
1.031181526184082031e+01
1.026273918151855469e+01
1.026273918151855469e+01
1.022066593170166016e+01
1.022066593170166016e+01
1.017332267761230469e+01
1.012304782867431641e+01
1.012304782867431641e+01
1.008045291900634766e+01
1.008045291900634766e+01
1.003158473968505859e+01
9.982680320739746094e+00
9.982680320739746094e+00
9.947170257568359375e+00
9.947170257568359375e+00
9.911579132080078125e+00
9.877720832824707031e+00
9.877720832824707031e+00
9.850578308105468750e+00
9.825585365295410156e+00
9.825585365295410156e+00
9.805810928344726562e+00
9.805810928344726562e+00
9.786339759826660156e+00
9.786339759826660156e+00
9.773100852966308594e+00
9.765376091003417969e+00
9.765376091003417969e+00
9.762989044189453125e+00
9.762989044189453125e+00
9.763980865478515625e+00
9.769269943237304688e+00
9.769269943237304688e+00
9.777539253234863281e+00
9.777539253234863281e+00
9.790129661560058594e+00
9.806252479553222656e+00
9.806252479553222656e+00
9.823082923889160156e+00
9.823082923889160156e+00
9.843132019042968750e+00
9.864483833312988281e+00
9.864483833312988281e+00
9.884729385375976562e+00
9.884729385375976562e+00
9.909190177917480469e+00
9.935454368591308594e+00
9.935454368591308594e+00
9.955783843994140625e+00
9.955783843994140625e+00
9.979948043823242188e+00
1.000289344787597656e+01
1.000289344787597656e+01
1.002222919464111328e+01
1.002222919464111328e+01
1.004137992858886719e+01
1.006071758270263672e+01
1.006071758270263672e+01
1.007478713989257812e+01
1.007478713989257812e+01
1.008711433410644531e+01
1.009789943695068359e+01
1.009789943695068359e+01
1.010564327239990234e+01
1.010564327239990234e+01
1.011200237274169922e+01
1.011731243133544922e+01
1.011731243133544922e+01
1.011832141876220703e+01
1.011832141876220703e+01
1.011842346191406250e+01
1.011842346191406250e+01
1.011659717559814453e+01
1.011659717559814453e+01
1.011194133758544922e+01
1.010540962219238281e+01
1.010540962219238281e+01
1.009859466552734375e+01
1.008967876434326172e+01
1.008967876434326172e+01
1.008014106750488281e+01
1.008014106750488281e+01
1.006982994079589844e+01
1.006982994079589844e+01
1.005893039703369141e+01
1.004550743103027344e+01
1.004550743103027344e+01
1.003584384918212891e+01
1.003584384918212891e+01
1.002372074127197266e+01
1.001191329956054688e+01
1.001191329956054688e+01
1.000248241424560547e+01
1.000248241424560547e+01
9.992332458496093750e+00
9.981700897216796875e+00
9.981700897216796875e+00
9.974187850952148438e+00
9.974187850952148438e+00
9.966412544250488281e+00
9.958582878112792969e+00
9.958582878112792969e+00
9.954187393188476562e+00
9.954187393188476562e+00
9.950217247009277344e+00
9.946576118469238281e+00
9.946576118469238281e+00
9.944701194763183594e+00
9.944701194763183594e+00
9.943617820739746094e+00
9.943809509277343750e+00
9.943809509277343750e+00
9.945285797119140625e+00
9.945285797119140625e+00
9.947442054748535156e+00
9.950306892395019531e+00
9.950306892395019531e+00
9.953714370727539062e+00
9.953714370727539062e+00
9.957809448242187500e+00
9.963140487670898438e+00
9.963140487670898438e+00
9.967780113220214844e+00
9.967780113220214844e+00
9.972846984863281250e+00
9.978260993957519531e+00
9.978260993957519531e+00
9.983469009399414062e+00
9.989402770996093750e+00
9.989402770996093750e+00
9.994254112243652344e+00
9.994254112243652344e+00
9.999703407287597656e+00
1.000512409210205078e+01
1.000512409210205078e+01
1.000904369354248047e+01
1.000904369354248047e+01
1.001370048522949219e+01
1.001773262023925781e+01
1.001773262023925781e+01
1.002047920227050781e+01
1.002047920227050781e+01
1.002323055267333984e+01
1.002561092376708984e+01
1.002561092376708984e+01
1.002714824676513672e+01
1.002714824676513672e+01
1.002842426300048828e+01
1.002929973602294922e+01
1.002929973602294922e+01
1.002937889099121094e+01
1.002937889099121094e+01
1.002930736541748047e+01
1.002854728698730469e+01
1.002854728698730469e+01
1.002741050720214844e+01
1.002741050720214844e+01
1.002593040466308594e+01
1.002402973175048828e+01
1.002402973175048828e+01
1.002200889587402344e+01
1.002200889587402344e+01
1.001984405517578125e+01
1.001775550842285156e+01
1.001775550842285156e+01
1.001529407501220703e+01
1.001262378692626953e+01
1.001262378692626953e+01
1.001016902923583984e+01
1.001016902923583984e+01
1.000723838806152344e+01
1.000441741943359375e+01
1.000441741943359375e+01
1.000236320495605469e+01
1.000236320495605469e+01
1.000005531311035156e+01
9.998285293579101562e+00
9.998285293579101562e+00
9.996626853942871094e+00
9.994881629943847656e+00
9.994881629943847656e+00
9.993351936340332031e+00
9.993351936340332031e+00
9.991986274719238281e+00
9.990608215332031250e+00
9.990608215332031250e+00
9.989709854125976562e+00
9.989709854125976562e+00
9.988924980163574219e+00
9.988474845886230469e+00
9.988474845886230469e+00
9.988487243652343750e+00
9.988487243652343750e+00
9.988582611083984375e+00
9.989023208618164062e+00
9.989023208618164062e+00
9.989516258239746094e+00
9.989516258239746094e+00
9.990280151367187500e+00
9.991132736206054688e+00
9.991132736206054688e+00
9.991993904113769531e+00
9.991993904113769531e+00
9.993088722229003906e+00
9.994640350341796875e+00
9.994640350341796875e+00
9.995785713195800781e+00
9.995785713195800781e+00
9.997150421142578125e+00
9.997150421142578125e+00
9.998605728149414062e+00
9.999916076660156250e+00
9.999916076660156250e+00
1.029441165924072266e+01
1.029441165924072266e+01
1.006198787689208984e+01
9.767249107360839844e+00
9.767249107360839844e+00
9.610068321228027344e+00
9.610068321228027344e+00
9.525828361511230469e+00
9.563910484313964844e+00
9.563910484313964844e+00
9.681393623352050781e+00
9.681393623352050781e+00
9.887513160705566406e+00
1.020203399658203125e+01
1.020203399658203125e+01
1.051755142211914062e+01
1.051755142211914062e+01
1.087135219573974609e+01
1.121487617492675781e+01
1.121487617492675781e+01
1.152218341827392578e+01
1.152218341827392578e+01
1.184827995300292969e+01
1.214791870117187500e+01
1.214791870117187500e+01
1.240795993804931641e+01
1.240795993804931641e+01
1.269092655181884766e+01
1.296774005889892578e+01
1.296774005889892578e+01
1.321627235412597656e+01
1.321627235412597656e+01
1.343757152557373047e+01
1.363950538635253906e+01
1.363950538635253906e+01
1.383598136901855469e+01
1.383598136901855469e+01
1.404157543182373047e+01
1.424268817901611328e+01
1.424268817901611328e+01
1.441110229492187500e+01
1.441110229492187500e+01
1.459028530120849609e+01
1.477687835693359375e+01
1.477687835693359375e+01
1.491130065917968750e+01
1.491130065917968750e+01
1.507339000701904297e+01
1.523218822479248047e+01
1.523218822479248047e+01
1.533623504638671875e+01
1.544328212738037109e+01
1.544328212738037109e+01
1.554098033905029297e+01
1.554098033905029297e+01
1.563291740417480469e+01
1.563291740417480469e+01
1.571133613586425781e+01
1.577037048339843750e+01
1.577037048339843750e+01
1.580502796173095703e+01
1.580502796173095703e+01
1.583038425445556641e+01
1.584005832672119141e+01
1.584005832672119141e+01
1.583493041992187500e+01
1.581640338897705078e+01
1.581640338897705078e+01
1.578452873229980469e+01
1.578452873229980469e+01
1.574471282958984375e+01
1.569059658050537109e+01
1.569059658050537109e+01
1.562987518310546875e+01
1.562987518310546875e+01
1.555701637268066406e+01
1.555701637268066406e+01
1.548010158538818359e+01
1.540138816833496094e+01
1.540138816833496094e+01
1.532855033874511719e+01
1.525000190734863281e+01
1.525000190734863281e+01
1.517576694488525391e+01
1.517576694488525391e+01
1.509057521820068359e+01
1.500935745239257812e+01
1.500935745239257812e+01
1.494635963439941406e+01
1.494635963439941406e+01
1.487873649597167969e+01
1.482134723663330078e+01
1.482134723663330078e+01
1.477153205871582031e+01
1.472165966033935547e+01
1.472165966033935547e+01
1.468712043762207031e+01
1.468712043762207031e+01
1.465089035034179688e+01
1.465089035034179688e+01
1.462175846099853516e+01
1.460361862182617188e+01
1.460361862182617188e+01
1.459764671325683594e+01
1.459764671325683594e+01
1.459556388854980469e+01
1.460098838806152344e+01
1.460098838806152344e+01
1.461146545410156250e+01
1.461146545410156250e+01
1.462879848480224609e+01
1.465222454071044922e+01
1.465222454071044922e+01
1.468190193176269531e+01
1.468190193176269531e+01
1.471210098266601562e+01
1.475082302093505859e+01
1.475082302093505859e+01
1.478664112091064453e+01
1.478664112091064453e+01
1.482498550415039062e+01
1.486859703063964844e+01
1.486859703063964844e+01
1.490574550628662109e+01
1.490574550628662109e+01
1.494324779510498047e+01
1.494324779510498047e+01
1.497963047027587891e+01
1.501577281951904297e+01
1.501577281951904297e+01
1.504876136779785156e+01
1.508045196533203125e+01
1.508045196533203125e+01
1.510489845275878906e+01
1.510489845275878906e+01
1.513150405883789062e+01
1.515127086639404297e+01
1.515127086639404297e+01
1.516736221313476562e+01
1.516736221313476562e+01
1.518233966827392578e+01
1.519309806823730469e+01
1.519309806823730469e+01
1.519594192504882812e+01
1.519594192504882812e+01
1.519894886016845703e+01
1.519861602783203125e+01
1.519861602783203125e+01
1.519374179840087891e+01
1.519374179840087891e+01
1.518707656860351562e+01
1.517704200744628906e+01
1.517704200744628906e+01
1.516687488555908203e+01
1.516687488555908203e+01
1.515268421173095703e+01
1.513775348663330078e+01
1.513775348663330078e+01
1.512308120727539062e+01
1.510540866851806641e+01
1.510540866851806641e+01
1.508889675140380859e+01
1.507144641876220703e+01
1.507144641876220703e+01
1.505473232269287109e+01
1.503538036346435547e+01
1.503538036346435547e+01
1.501997661590576172e+01
1.501997661590576172e+01
1.500379276275634766e+01
1.498605632781982422e+01
1.498605632781982422e+01
1.497339344024658203e+01
1.495865535736083984e+01
1.495865535736083984e+01
1.494735622406005859e+01
1.493572235107421875e+01
1.493572235107421875e+01
1.492821121215820312e+01
1.492821121215820312e+01
1.492000579833984375e+01
1.491448020935058594e+01
1.491448020935058594e+01
1.491081905364990234e+01
1.490824985504150391e+01
1.490824985504150391e+01
1.490763473510742188e+01
1.490763473510742188e+01
1.490831279754638672e+01
1.491086864471435547e+01
1.491086864471435547e+01
1.491419410705566406e+01
1.491419410705566406e+01
1.491907978057861328e+01
1.492584228515625000e+01
1.492584228515625000e+01
1.493179798126220703e+01
1.493851280212402344e+01
1.493851280212402344e+01
1.494589138031005859e+01
1.495503330230712891e+01
1.495503330230712891e+01
1.496264171600341797e+01
1.496264171600341797e+01
1.497174167633056641e+01
1.498212909698486328e+01
1.498212909698486328e+01
1.498994636535644531e+01
1.498994636535644531e+01
1.499877262115478516e+01
1.500705718994140625e+01
1.500705718994140625e+01
1.501409912109375000e+01
1.502112579345703125e+01
1.502112579345703125e+01
1.502635192871093750e+01
1.502635192871093750e+01
1.503214740753173828e+01
1.503720283508300781e+01
1.503720283508300781e+01
1.504081153869628906e+01
1.504431343078613281e+01
1.504431343078613281e+01
1.504635429382324219e+01
1.504635429382324219e+01
1.504792022705078125e+01
1.504877948760986328e+01
1.504877948760986328e+01
1.504886054992675781e+01
1.504886054992675781e+01
1.504809856414794922e+01
1.504665184020996094e+01
1.504665184020996094e+01
1.504462814331054688e+01
