4.355669021606445312e-03
1.441311836242675781e-02
4.373073577880859375e-03
2.159214019775390625e-02
5.616426467895507812e-03
2.100038528442382812e-02
1.646947860717773438e-02
4.484176635742187500e-03
6.372213363647460938e-03
6.437778472900390625e-03
6.245613098144531250e-03
1.603722572326660156e-02
4.554510116577148438e-03
9.039878845214843750e-03
7.539987564086914062e-03
1.943826675415039062e-02
1.142024993896484375e-02
3.602313995361328125e-02
1.958775520324707031e-02
4.435777664184570312e-03
4.662275314331054688e-03
7.161855697631835938e-03
4.735231399536132812e-03
1.140999794006347656e-02
8.733987808227539062e-03
4.428863525390625000e-03
1.283311843872070312e-02
2.399039268493652344e-02
3.180241584777832031e-02
1.086854934692382812e-02
3.203678131103515625e-02
1.608276367187500000e-02
6.088495254516601562e-03
4.875421524047851562e-03
1.094007492065429688e-02
4.280567169189453125e-03
4.664182662963867188e-03
1.193690299987792969e-02
4.683256149291992188e-03
1.298856735229492188e-02
4.446983337402343750e-03
6.669282913208007812e-03
9.359598159790039062e-03
4.651546478271484375e-03
2.018094062805175781e-02
7.471323013305664062e-03
4.575490951538085938e-03
2.298665046691894531e-02
4.330635070800781250e-03
7.544517517089843750e-03
2.487945556640625000e-02
4.265785217285156250e-03
1.938962936401367188e-02
4.336118698120117188e-03
1.561117172241210938e-02
7.250070571899414062e-03
4.490613937377929688e-03
1.215672492980957031e-02
4.190921783447265625e-03
4.630088806152343750e-03
2.043652534484863281e-02
4.349708557128906250e-03
2.078199386596679688e-02
4.267692565917968750e-03
2.943277359008789062e-02
1.795268058776855469e-02
4.514694213867187500e-03
1.678133010864257812e-02
7.195472717285156250e-03
1.544833183288574219e-02
1.313161849975585938e-02
4.528284072875976562e-03
1.010155677795410156e-02
4.293441772460937500e-03
2.146649360656738281e-02
6.211757659912109375e-03
4.553079605102539062e-03
2.132725715637207031e-02
7.421493530273437500e-03
1.513433456420898438e-02
5.255222320556640625e-03
4.500389099121093750e-03
2.507162094116210938e-02
8.486986160278320312e-03
2.258467674255371094e-02
1.857280731201171875e-02
8.114337921142578125e-03
2.146244049072265625e-02
7.509231567382812500e-03
1.368117332458496094e-02
1.317667961120605469e-02
4.536867141723632812e-03
1.180553436279296875e-02
7.369756698608398438e-03
4.607200622558593750e-03
1.036214828491210938e-02
4.450559616088867188e-03
1.596832275390625000e-02
1.781296730041503906e-02
4.484891891479492188e-03
2.290201187133789062e-02
5.783796310424804688e-03
1.536178588867187500e-02
1.646280288696289062e-02
4.324436187744140625e-03
2.071523666381835938e-02
9.415149688720703125e-03
4.380226135253906250e-03
1.424670219421386719e-02
4.565715789794921875e-03
1.015472412109375000e-02
7.106781005859375000e-03
4.450559616088867188e-03
1.516532897949218750e-02
4.224300384521484375e-03
1.522326469421386719e-02
1.069998741149902344e-02
4.489660263061523438e-03
1.527523994445800781e-02
7.219314575195312500e-03
4.374027252197265625e-03
1.236176490783691406e-02
4.618167877197265625e-03
1.732015609741210938e-02
6.150722503662109375e-03
4.620552062988281250e-03
1.371669769287109375e-02
4.542589187622070312e-03
1.479363441467285156e-02
7.127046585083007812e-03
2.454757690429687500e-02
2.247476577758789062e-02
4.532337188720703125e-03
1.209115982055664062e-02
7.052659988403320312e-03
1.069974899291992188e-02
1.860451698303222656e-02
4.564762115478515625e-03
1.568818092346191406e-02
4.472255706787109375e-03
1.480884552001953125e-01
4.554986953735351562e-03
1.539778709411621094e-02
8.362531661987304688e-03
4.486083984375000000e-03
6.774663925170898438e-03
5.793094635009765625e-03
8.821964263916015625e-03
2.322697639465332031e-02
4.273414611816406250e-03
1.768302917480468750e-02
4.259586334228515625e-03
5.146503448486328125e-03
6.218433380126953125e-03
4.200458526611328125e-03
1.436614990234375000e-02
7.197141647338867188e-03
2.712750434875488281e-02
2.259516716003417969e-02
4.464387893676757812e-03
5.936384201049804688e-03
7.354259490966796875e-03
1.326441764831542969e-02
9.119987487792968750e-03
4.646539688110351562e-03
8.916378021240234375e-03
4.468441009521484375e-03
1.555204391479492188e-02
5.388975143432617188e-03
2.518200874328613281e-02
2.168273925781250000e-02
7.459640502929687500e-03
1.519036293029785156e-02
1.467585563659667969e-02
4.631280899047851562e-03
1.918935775756835938e-02
4.389286041259765625e-03
1.447868347167968750e-02
8.184671401977539062e-03
4.579544067382812500e-03
1.736354827880859375e-02
4.460811614990234375e-03
2.990293502807617188e-02
1.079630851745605469e-02
4.581928253173828125e-03
1.310944557189941406e-02
4.518032073974609375e-03
1.532220840454101562e-02
2.018952369689941406e-02
4.666328430175781250e-03
8.191823959350585938e-03
7.380723953247070312e-03
4.468274116516113281e-02
3.893947601318359375e-02
4.517793655395507812e-03
1.987886428833007812e-02
4.365921020507812500e-03
2.991342544555664062e-02
7.391452789306640625e-03
4.188847541809082031e-02
1.591014862060546875e-02
4.339218139648437500e-03
5.678415298461914062e-03
2.059483528137207031e-02
2.860283851623535156e-02
2.270603179931640625e-02
4.584074020385742188e-03
1.349997520446777344e-02
5.761861801147460938e-03
4.903793334960937500e-03
1.675820350646972656e-02
4.751205444335937500e-03
2.249646186828613281e-02
1.548671722412109375e-02
7.941722869873046875e-03
1.995611190795898438e-02
3.265118598937988281e-02
3.125858306884765625e-02
7.416248321533203125e-03
2.315258979797363281e-02
4.519462585449218750e-03
5.600547790527343750e-02
2.655506134033203125e-02
9.074211120605468750e-03
1.353669166564941406e-02
4.281282424926757812e-03
5.962610244750976562e-03
8.034706115722656250e-03
4.441499710083007812e-03
1.548004150390625000e-02
5.829334259033203125e-03
1.746034622192382812e-02
5.983591079711914062e-03
4.451513290405273438e-03
2.096986770629882812e-02
4.260063171386718750e-03
2.294182777404785156e-02
1.925492286682128906e-02
4.355907440185546875e-03
2.114176750183105469e-02
7.317066192626953125e-03
5.562543869018554688e-03
1.680731773376464844e-02
4.279613494873046875e-03
2.023649215698242188e-02
4.244327545166015625e-03
1.257157325744628906e-02
6.784915924072265625e-03
3.293967247009277344e-02
3.428006172180175781e-02
7.914781570434570312e-03
1.550483703613281250e-02
1.572895050048828125e-02
4.693746566772460938e-03
1.197433471679687500e-02
4.530906677246093750e-03
1.195740699768066406e-02
1.719903945922851562e-02
4.457473754882812500e-03
7.123231887817382812e-03
4.289627075195312500e-03
2.581810951232910156e-02
7.509708404541015625e-03
3.812503814697265625e-02
6.400108337402343750e-03
4.810094833374023438e-03
1.541924476623535156e-02
1.267433166503906250e-02
4.700660705566406250e-03
1.567053794860839844e-02
4.733800888061523438e-03
1.275563240051269531e-02
1.075005531311035156e-02
4.633903503417968750e-03
2.442312240600585938e-02
7.745504379272460938e-03
4.789352416992187500e-03
1.773738861083984375e-02
4.226446151733398438e-03
1.296949386596679688e-02
6.848096847534179688e-03
4.391670227050781250e-03
1.641535758972167969e-02
4.414796829223632812e-03
9.126901626586914062e-03
7.144927978515625000e-03
4.519224166870117188e-03
8.567571640014648438e-03
4.392623901367187500e-03
1.534914970397949219e-02
7.139444351196289062e-03
4.863739013671875000e-03
5.228352546691894531e-02
4.338264465332031250e-03
1.403999328613281250e-02
7.447004318237304688e-03
4.564523696899414062e-03
1.062083244323730469e-02
4.317045211791992188e-03
1.555800437927246094e-02
6.259918212890625000e-03
4.524946212768554688e-03
1.198148727416992188e-02
4.471063613891601562e-03
1.695394515991210938e-02
1.143145561218261719e-02
4.557847976684570312e-03
2.247142791748046875e-02
4.755973815917968750e-03
1.496052742004394531e-02
7.419109344482421875e-03
4.752874374389648438e-03
3.750014305114746094e-02
2.004337310791015625e-02
4.440546035766601562e-03
1.058435440063476562e-02
7.068634033203125000e-03
1.528787612915039062e-02
7.124423980712890625e-03
4.461288452148437500e-03
7.511377334594726562e-03
4.593133926391601562e-03
1.251244544982910156e-02
1.584792137145996094e-02
4.647731781005859375e-03
1.050806045532226562e-02
3.330945968627929688e-02
4.503726959228515625e-03
1.024270057678222656e-02
4.404544830322265625e-03
1.022887229919433594e-02
1.059579849243164062e-02
4.316091537475585938e-03
1.113796234130859375e-02
5.638360977172851562e-03
5.657911300659179688e-03
1.161623001098632812e-02
4.536151885986328125e-03
1.404905319213867188e-02
4.150629043579101562e-03
1.048088073730468750e-02
7.105350494384765625e-03
6.408691406250000000e-03
9.670495986938476562e-03
4.264593124389648438e-03
5.096197128295898438e-03
2.457022666931152344e-02
4.612922668457031250e-03
6.568431854248046875e-03
4.432916641235351562e-03
1.267313957214355469e-02
8.449316024780273438e-03
5.008697509765625000e-03
2.079701423645019531e-02
4.440307617187500000e-03
2.135109901428222656e-02
7.229328155517578125e-03
1.986980438232421875e-02
1.348829269409179688e-02
4.528999328613281250e-03
1.296234130859375000e-02
5.572557449340820312e-03
2.115416526794433594e-02
5.686998367309570312e-03
4.435777664184570312e-03
1.063370704650878906e-02
4.390239715576171875e-03
8.873462677001953125e-03
1.745152473449707031e-02
4.398822784423828125e-03
1.236939430236816406e-02
7.088184356689453125e-03
1.708459854125976562e-02
7.143497467041015625e-03
4.389286041259765625e-03
2.170133590698242188e-02
4.329919815063476562e-03
1.345300674438476562e-02
1.017999649047851562e-02
1.990866661071777344e-02
1.932740211486816406e-02
7.381200790405273438e-03
1.214337348937988281e-02
7.210731506347656250e-03
4.494190216064453125e-03
1.387977600097656250e-02
6.894350051879882812e-03
2.786636352539062500e-02
5.936861038208007812e-03
7.276058197021484375e-03
1.603293418884277344e-02
7.827043533325195312e-03
1.746463775634765625e-02
4.274129867553710938e-03
4.471778869628906250e-03
1.394414901733398438e-02
4.294157028198242188e-03
5.695104598999023438e-03
5.542278289794921875e-03
4.372358322143554688e-03
2.216720581054687500e-02
5.713224411010742188e-03
1.136636734008789062e-02
1.534104347229003906e-02
4.490852355957031250e-03
1.105570793151855469e-02
4.281282424926757812e-03
1.515722274780273438e-02
2.067995071411132812e-02
4.531860351562500000e-03
1.791787147521972656e-02
4.266977310180664062e-03
8.226394653320312500e-03
1.369500160217285156e-02
4.503250122070312500e-03
1.554608345031738281e-02
7.138967514038085938e-03
8.234739303588867188e-03
1.419353485107421875e-02
4.503726959228515625e-03
1.516771316528320312e-02
5.970716476440429688e-03
8.779764175415039062e-03
1.459050178527832031e-02
4.487991333007812500e-03
9.794473648071289062e-03
7.183551788330078125e-03
1.321268081665039062e-02
2.052283287048339844e-02
4.490852355957031250e-03
1.602578163146972656e-02
7.173299789428710938e-03
4.481554031372070312e-03
1.157116889953613281e-02
7.379293441772460938e-03
2.689552307128906250e-02
7.375240325927734375e-03
2.661538124084472656e-02
1.299571990966796875e-02
3.127217292785644531e-02
1.529955863952636719e-02
1.315879821777343750e-02
4.349708557128906250e-03
8.028030395507812500e-03
4.370212554931640625e-03
2.135467529296875000e-02
1.693344116210937500e-02
4.472017288208007812e-03
5.801916122436523438e-03
4.324197769165039062e-03
1.710963249206542969e-02
7.262706756591796875e-03
4.536390304565429688e-03
5.222558975219726562e-03
7.323265075683593750e-03
4.562616348266601562e-03
1.687264442443847656e-02
4.446744918823242188e-03
1.520490646362304688e-02
7.200002670288085938e-03
1.547622680664062500e-02
1.145315170288085938e-02
4.476547241210937500e-03
1.333570480346679688e-02
4.519224166870117188e-03
2.760386466979980469e-02
9.892225265502929688e-03
4.490852355957031250e-03
1.459670066833496094e-02
4.422664642333984375e-03
1.104712486267089844e-02
1.271891593933105469e-02
1.589846611022949219e-02
9.574413299560546875e-03
4.349708557128906250e-03
2.143311500549316406e-02
1.591706275939941406e-02
7.427453994750976562e-03
2.646636962890625000e-02
7.502079010009765625e-03
1.036810874938964844e-02
9.749412536621093750e-03
4.740476608276367188e-03
9.253978729248046875e-03
8.049964904785156250e-03
3.453850746154785156e-02
7.318973541259765625e-03
1.175618171691894531e-02
1.178050041198730469e-02
7.586479187011718750e-03
3.172659873962402344e-02
7.012605667114257812e-03
1.499772071838378906e-02
1.263809204101562500e-02
4.271745681762695312e-03
2.277278900146484375e-02
7.593870162963867188e-03
3.193116188049316406e-02
2.020239830017089844e-02
4.126787185668945312e-03
1.263332366943359375e-02
7.324218750000000000e-03
1.579213142395019531e-02
9.413480758666992188e-03
7.161140441894531250e-03
3.451108932495117188e-02
5.870890617370605469e-02
4.265546798706054688e-03
8.250236511230468750e-03
4.163503646850585938e-03
9.654283523559570312e-03
1.784086227416992188e-02
4.307985305786132812e-03
6.949424743652343750e-03
4.219770431518554688e-03
4.369258880615234375e-03
1.216816902160644531e-02
4.334449768066406250e-03
9.613752365112304688e-03
8.558034896850585938e-03
4.319190979003906250e-03
7.237911224365234375e-03
7.416486740112304688e-03
4.186391830444335938e-03
9.575128555297851562e-03
6.521701812744140625e-03
4.422426223754882812e-03
1.168632507324218750e-02
4.202365875244140625e-03
4.611968994140625000e-03
8.634090423583984375e-03
4.287481307983398438e-03
6.397485733032226562e-03
1.713705062866210938e-02
4.550457000732421875e-03
7.586240768432617188e-03
4.434585571289062500e-03
4.566192626953125000e-03
1.325321197509765625e-02
4.575729370117187500e-03
1.532840728759765625e-02
1.275682449340820312e-02
2.826642990112304688e-02
1.626801490783691406e-02
6.918668746948242188e-03
4.249811172485351562e-03
1.127552986145019531e-02
4.131793975830078125e-03
2.936553955078125000e-02
6.933689117431640625e-03
2.221012115478515625e-02
2.154588699340820312e-02
4.447698593139648438e-03
1.554417610168457031e-02
3.560853004455566406e-02
2.379608154296875000e-02
5.135822296142578125e-02
4.152059555053710938e-03
4.162549972534179688e-03
8.131265640258789062e-03
4.110336303710937500e-03
4.290103912353515625e-03
1.137804985046386719e-02
4.238367080688476562e-03
1.497077941894531250e-02
7.521867752075195312e-03
4.044222831726074219e-02
1.017570495605468750e-02
7.039546966552734375e-03
6.522655487060546875e-03
6.535768508911132812e-03
4.209518432617187500e-03
2.040886878967285156e-02
4.154443740844726562e-03
1.593399047851562500e-02
2.307581901550292969e-02
2.269673347473144531e-02
4.822969436645507812e-03
9.963750839233398438e-03
4.203081130981445312e-03
1.684808731079101562e-02
6.918907165527343750e-03
4.197835922241210938e-03
8.472681045532226562e-03
4.194974899291992188e-03
1.856899261474609375e-02
1.510214805603027344e-02
4.203081130981445312e-03
9.362220764160156250e-03
6.800174713134765625e-03
3.210854530334472656e-02
1.038861274719238281e-02
4.163026809692382812e-03
7.798910140991210938e-03
4.007577896118164062e-03
5.676269531250000000e-03
