4.209995269775390625e-03
2.443957328796386719e-02
8.113622665405273438e-03
1.788926124572753906e-02
7.687091827392578125e-03
2.417016029357910156e-02
3.023433685302734375e-02
7.371664047241210938e-03
1.113367080688476562e-02
7.751464843750000000e-03
1.061749458312988281e-02
1.118230819702148438e-02
5.761146545410156250e-03
8.150100708007812500e-03
7.239103317260742188e-03
2.234077453613281250e-02
2.043461799621582031e-02
3.497552871704101562e-02
1.584172248840332031e-02
7.449388504028320312e-03
4.088163375854492188e-03
2.680230140686035156e-02
7.368564605712890625e-03
1.049089431762695312e-02
9.066343307495117188e-03
7.190227508544921875e-03
1.737093925476074219e-02
2.210688591003417969e-02
1.253938674926757812e-02
9.467363357543945312e-03
5.366396903991699219e-02
2.675843238830566406e-02
2.537274360656738281e-02
4.414558410644531250e-03
1.479554176330566406e-02
7.319927215576171875e-03
7.465362548828125000e-03
5.760693550109863281e-02
6.749868392944335938e-03
1.134133338928222656e-02
6.881475448608398438e-03
5.322456359863281250e-03
1.666498184204101562e-02
7.545948028564453125e-03
1.956129074096679688e-02
7.186889648437500000e-03
4.509210586547851562e-03
2.065730094909667969e-02
4.053115844726562500e-03
7.599592208862304688e-03
1.832556724548339844e-02
5.949974060058593750e-03
1.771044731140136719e-02
7.560968399047851562e-03
1.078200340270996094e-02
7.773399353027343750e-03
7.544040679931640625e-03
3.343820571899414062e-02
4.073619842529296875e-03
6.261825561523437500e-03
1.629209518432617188e-02
4.045486450195312500e-03
7.928848266601562500e-03
5.599737167358398438e-03
2.922320365905761719e-02
8.301258087158203125e-03
7.460594177246093750e-03
2.929925918579101562e-02
7.757186889648437500e-03
1.159286499023437500e-02
9.912490844726562500e-03
7.570266723632812500e-03
7.390499114990234375e-03
8.191585540771484375e-03
1.370835304260253906e-02
2.220344543457031250e-02
7.551431655883789062e-03
1.244997978210449219e-02
8.618593215942382812e-03
3.478312492370605469e-02
1.368165016174316406e-02
4.042863845825195312e-03
1.401543617248535156e-02
8.906841278076171875e-03
3.223586082458496094e-02
3.396034240722656250e-02
9.642362594604492188e-03
5.570340156555175781e-02
7.323980331420898438e-03
2.035474777221679688e-02
1.524543762207031250e-02
7.187604904174804688e-03
3.163576126098632812e-02
7.596969604492187500e-03
7.457971572875976562e-03
6.944179534912109375e-03
7.544755935668945312e-03
2.103447914123535156e-02
1.791715621948242188e-02
7.193088531494140625e-03
1.875400543212890625e-02
7.021188735961914062e-03
1.438283920288085938e-02
1.904439926147460938e-02
4.231929779052734375e-03
1.042342185974121094e-02
2.803993225097656250e-02
6.461381912231445312e-03
2.379918098449707031e-02
7.473945617675781250e-03
2.870392799377441406e-02
9.006261825561523438e-03
6.907224655151367188e-03
9.132862091064453125e-03
6.719112396240234375e-03
3.336453437805175781e-02
9.937763214111328125e-03
7.543087005615234375e-03
2.145767211914062500e-02
7.202386856079101562e-03
4.975318908691406250e-03
4.937362670898437500e-02
7.015943527221679688e-03
6.910324096679687500e-03
9.184837341308593750e-03
6.128072738647460938e-03
2.737617492675781250e-02
4.528760910034179688e-03
7.439851760864257812e-03
7.117748260498046875e-03
1.341271400451660156e-02
1.049137115478515625e-02
6.367683410644531250e-03
1.984357833862304688e-02
7.050275802612304688e-03
2.558469772338867188e-02
2.505946159362792969e-02
6.808280944824218750e-03
4.254174232482910156e-02
7.399559020996093750e-03
1.000094413757324219e-02
7.475614547729492188e-03
7.020473480224609375e-03
1.916480064392089844e-02
5.488157272338867188e-03
1.276421546936035156e-02
6.963014602661132812e-03
2.736425399780273438e-02
1.192235946655273438e-02
4.092216491699218750e-03
3.053879737854003906e-02
5.558252334594726562e-03
7.004261016845703125e-03
7.257938385009765625e-03
5.563497543334960938e-03
1.176571846008300781e-02
7.337570190429687500e-03
2.009940147399902344e-02
4.744768142700195312e-02
7.420063018798828125e-03
9.656429290771484375e-03
8.010387420654296875e-03
5.798673629760742188e-02
2.376770973205566406e-02
4.148244857788085938e-03
9.527921676635742188e-03
7.011175155639648438e-03
9.499311447143554688e-03
7.219791412353515625e-03
4.335427284240722656e-02
5.393838882446289062e-02
9.266614913940429688e-03
2.799606323242187500e-02
1.135706901550292969e-02
7.122516632080078125e-03
1.493954658508300781e-02
7.308483123779296875e-03
1.275634765625000000e-02
1.068687438964843750e-02
7.293462753295898438e-03
2.176094055175781250e-02
7.391691207885742188e-03
1.930785179138183594e-02
1.501584053039550781e-02
7.001161575317382812e-03
1.506900787353515625e-02
7.462263107299804688e-03
9.423732757568359375e-03
1.093912124633789062e-02
4.136562347412109375e-03
2.362513542175292969e-02
8.132219314575195312e-03
3.032827377319335938e-02
2.708029747009277344e-02
7.453918457031250000e-03
1.033663749694824219e-02
7.282495498657226562e-03
8.719682693481445312e-03
2.926588058471679688e-02
5.466318130493164062e-02
1.464462280273437500e-02
7.534980773925781250e-03
3.050589561462402344e-02
9.597301483154296875e-03
3.492021560668945312e-02
3.687167167663574219e-02
6.751775741577148438e-03
1.074194908142089844e-02
7.242441177368164062e-03
1.470446586608886719e-02
2.303147315979003906e-02
4.380464553833007812e-03
7.756471633911132812e-03
8.026599884033203125e-03
9.004116058349609375e-03
4.708933830261230469e-02
2.400851249694824219e-02
2.755594253540039062e-02
8.717775344848632812e-03
2.442216873168945312e-02
7.295846939086914062e-03
3.226780891418457031e-02
4.872798919677734375e-02
4.607510566711425781e-02
9.838819503784179688e-03
4.099130630493164062e-03
6.861925125122070312e-03
9.045362472534179688e-03
4.024505615234375000e-03
1.353526115417480469e-02
6.313562393188476562e-03
1.026773452758789062e-02
1.575827598571777344e-02
7.291316986083984375e-03
1.005029678344726562e-02
7.068872451782226562e-03
1.725864410400390625e-02
1.544141769409179688e-02
6.948471069335937500e-03
2.309012413024902344e-02
7.025718688964843750e-03
3.846335411071777344e-02
3.198289871215820312e-02
7.422447204589843750e-03
1.559376716613769531e-02
7.281064987182617188e-03
7.161140441894531250e-03
2.700066566467285156e-02
3.531336784362792969e-02
1.435065269470214844e-02
9.605407714843750000e-03
1.760506629943847656e-02
2.569985389709472656e-02
7.667541503906250000e-03
2.306485176086425781e-02
7.169246673583984375e-03
1.119279861450195312e-02
9.882688522338867188e-03
7.011651992797851562e-03
7.094144821166992188e-03
7.425308227539062500e-03
5.910181999206542969e-02
7.180452346801757812e-03
1.707839965820312500e-02
1.361393928527832031e-02
4.381418228149414062e-03
2.041745185852050781e-02
1.552557945251464844e-02
7.554054260253906250e-03
2.556991577148437500e-02
7.801532745361328125e-03
2.899885177612304688e-02
1.887369155883789062e-02
4.348278045654296875e-03
1.482748985290527344e-02
9.299516677856445312e-03
6.277799606323242188e-03
1.679039001464843750e-02
5.813360214233398438e-03
1.461744308471679688e-02
7.454156875610351562e-03
4.419326782226562500e-03
3.528857231140136719e-02
6.823062896728515625e-03
3.005361557006835938e-02
7.052659988403320312e-03
6.982326507568359375e-03
1.548218727111816406e-02
6.979227066040039062e-03
1.836109161376953125e-02
7.837772369384765625e-03
7.453918457031250000e-03
1.665639877319335938e-02
7.175922393798828125e-03
1.110315322875976562e-02
7.918834686279296875e-03
7.053375244140625000e-03
2.039432525634765625e-02
7.367134094238281250e-03
1.105070114135742188e-02
7.421255111694335938e-03
7.634639739990234375e-03
1.559925079345703125e-02
6.937503814697265625e-03
3.142404556274414062e-02
3.150105476379394531e-02
7.743597030639648438e-03
2.538228034973144531e-02
7.087469100952148438e-03
9.339332580566406250e-03
7.100343704223632812e-03
7.524728775024414062e-03
3.013753890991210938e-02
4.475450515747070312e-02
6.892919540405273438e-03
2.175998687744140625e-02
7.177829742431640625e-03
1.556634902954101562e-02
7.239580154418945312e-03
4.018545150756835938e-03
9.412288665771484375e-03
7.109165191650390625e-03
2.374410629272460938e-02
9.565353393554687500e-03
7.234811782836914062e-03
2.487874031066894531e-02
1.978135108947753906e-02
8.163213729858398438e-03
1.381683349609375000e-02
7.670164108276367188e-03
3.603959083557128906e-02
2.358317375183105469e-02
4.031896591186523438e-03
7.187843322753906250e-03
5.452871322631835938e-03
7.812738418579101562e-03
1.645851135253906250e-02
5.622386932373046875e-03
1.284670829772949219e-02
5.017518997192382812e-03
2.399325370788574219e-02
7.821559906005859375e-03
7.655858993530273438e-03
1.818656921386718750e-02
7.022380828857421875e-03
1.530766487121582031e-02
2.790927886962890625e-02
6.881475448608398438e-03
1.239562034606933594e-02
4.290819168090820312e-03
1.407861709594726562e-02
8.785963058471679688e-03
7.288217544555664062e-03
2.313947677612304688e-02
7.254362106323242188e-03
3.845167160034179688e-02
8.438348770141601562e-03
1.937913894653320312e-02
1.386237144470214844e-02
5.352973937988281250e-03
9.705066680908203125e-03
6.788730621337890625e-03
1.433587074279785156e-02
8.819580078125000000e-03
6.715059280395507812e-03
3.131556510925292969e-02
7.784843444824218750e-03
7.055759429931640625e-03
2.731108665466308594e-02
7.134914398193359375e-03
1.835155487060546875e-02
6.981849670410156250e-03
2.632236480712890625e-02
1.228141784667968750e-02
6.596088409423828125e-03
9.768247604370117188e-03
5.281448364257812500e-03
2.076029777526855469e-02
2.496218681335449219e-02
2.176785469055175781e-02
3.291940689086914062e-02
7.321357727050781250e-03
6.941080093383789062e-03
2.372717857360839844e-02
7.293462753295898438e-03
4.051327705383300781e-02
6.798267364501953125e-03
1.701569557189941406e-02
1.616978645324707031e-02
7.151365280151367188e-03
8.990049362182617188e-03
1.881217956542968750e-02
7.033348083496093750e-03
7.022857666015625000e-03
5.579471588134765625e-03
1.794886589050292969e-02
6.969690322875976562e-03
6.848096847534179688e-03
8.986711502075195312e-03
7.012844085693359375e-03
2.575230598449707031e-02
7.293462753295898438e-03
1.115775108337402344e-02
3.500342369079589844e-02
6.797313690185546875e-03
8.912563323974609375e-03
5.181550979614257812e-03
6.440877914428710938e-03
1.433634757995605469e-02
4.657983779907226562e-03
9.127616882324218750e-03
7.255077362060546875e-03
6.393671035766601562e-03
7.401227951049804688e-03
4.770278930664062500e-03
2.007341384887695312e-02
8.637189865112304688e-03
9.204626083374023438e-03
1.386404037475585938e-02
8.747577667236328125e-03
2.793669700622558594e-02
7.318258285522460938e-03
7.001161575317382812e-03
1.488232612609863281e-02
6.305456161499023438e-03
1.375579833984375000e-02
9.233951568603515625e-03
2.938342094421386719e-02
1.312327384948730469e-02
7.472515106201171875e-03
7.259130477905273438e-03
7.570743560791015625e-03
7.661342620849609375e-03
1.612091064453125000e-02
7.417917251586914062e-03
4.475784301757812500e-02
6.963014602661132812e-03
2.477455139160156250e-02
9.911775588989257812e-03
3.923821449279785156e-02
1.002526283264160156e-02
1.610469818115234375e-02
4.378318786621093750e-03
1.818799972534179688e-02
6.739854812622070312e-03
1.474523544311523438e-02
1.123046875000000000e-02
5.940675735473632812e-03
9.049892425537109375e-03
7.037401199340820312e-03
1.641917228698730469e-02
8.205413818359375000e-03
7.654905319213867188e-03
9.637832641601562500e-03
7.707834243774414062e-03
4.848241806030273438e-03
1.264452934265136719e-02
6.081342697143554688e-03
2.160191535949707031e-02
6.900787353515625000e-03
1.819920539855957031e-02
2.108287811279296875e-02
7.460832595825195312e-03
3.359246253967285156e-02
4.122257232666015625e-03
1.286101341247558594e-02
1.303982734680175781e-02
4.184722900390625000e-03
2.489185333251953125e-02
7.481575012207031250e-03
2.622580528259277344e-02
4.508638381958007812e-02
3.013706207275390625e-02
1.311302185058593750e-02
7.597684860229492188e-03
1.066231727600097656e-02
1.800489425659179688e-02
7.317304611206054688e-03
2.652978897094726562e-02
6.912469863891601562e-03
2.216458320617675781e-02
2.661943435668945312e-02
6.456375122070312500e-03
9.366035461425781250e-03
8.251667022705078125e-03
2.314329147338867188e-02
7.199048995971679688e-03
5.459094047546386719e-02
1.631689071655273438e-02
7.323980331420898438e-03
2.270984649658203125e-02
8.194923400878906250e-03
1.795387268066406250e-02
2.334928512573242188e-02
7.370471954345703125e-03
1.306247711181640625e-02
9.407997131347656250e-03
2.925038337707519531e-02
1.256084442138671875e-02
5.532503128051757812e-03
1.465654373168945312e-02
7.625818252563476562e-03
1.337361335754394531e-02
9.020328521728515625e-03
7.827043533325195312e-03
3.951430320739746094e-02
2.237319946289062500e-02
4.141807556152343750e-03
7.487058639526367188e-03
4.022598266601562500e-03
9.855031967163085938e-03
9.853363037109375000e-03
7.900953292846679688e-03
5.285024642944335938e-03
6.954431533813476562e-03
7.321834564208984375e-03
7.435798645019531250e-03
7.214784622192382812e-03
1.728010177612304688e-02
1.759934425354003906e-02
3.966569900512695312e-03
7.313966751098632812e-03
9.703397750854492188e-03
5.859851837158203125e-03
1.010441780090332031e-02
7.118463516235351562e-03
3.963470458984375000e-03
1.163411140441894531e-02
3.889560699462890625e-03
4.779815673828125000e-03
7.498025894165039062e-03
4.008293151855468750e-03
2.418041229248046875e-02
1.067376136779785156e-02
4.477024078369140625e-03
2.675795555114746094e-02
1.072883605957031250e-02
7.414102554321289062e-03
2.931594848632812500e-02
4.173278808593750000e-03
2.974843978881835938e-02
1.411628723144531250e-02
3.229570388793945312e-02
2.060341835021972656e-02
7.555007934570312500e-03
3.876447677612304688e-03
9.037494659423828125e-03
4.056215286254882812e-03
3.190398216247558594e-02
7.642030715942382812e-03
5.888128280639648438e-02
2.303624153137207031e-02
6.948471069335937500e-03
7.461547851562500000e-03
2.958869934082031250e-02
3.948807716369628906e-02
3.088831901550292969e-02
3.996133804321289062e-03
6.041765213012695312e-03
8.531808853149414062e-03
7.343292236328125000e-03
4.592418670654296875e-03
9.731054306030273438e-03
4.128932952880859375e-03
4.724979400634765625e-02
9.613275527954101562e-03
2.175521850585937500e-02
5.025625228881835938e-02
7.405996322631835938e-03
9.819984436035156250e-03
5.667924880981445312e-03
4.153490066528320312e-03
1.592612266540527344e-02
3.874778747558593750e-03
3.286194801330566406e-02
1.276969909667968750e-02
1.921534538269042969e-02
8.452177047729492188e-03
1.148939132690429688e-02
5.551099777221679688e-03
1.105666160583496094e-02
6.847381591796875000e-03
6.996631622314453125e-03
1.916694641113281250e-02
6.678581237792968750e-03
1.332759857177734375e-02
3.626179695129394531e-02
5.218029022216796875e-03
8.818864822387695312e-03
6.640195846557617188e-03
2.190899848937988281e-02
7.673501968383789062e-03
7.453680038452148438e-03
1.024627685546875000e-02
6.647109985351562500e-03
7.945537567138671875e-03
